VOTCA
N 1550 R 0.000100 15.500000

1 1.0000000002e-04 3.1891065560e+03 1.0000000000e+03
2 1.0100000000e-02 3.1791065560e+03 1.0000000000e+03
3 2.0100000000e-02 3.1691065560e+03 1.0000000000e+03
4 3.0100000000e-02 3.1591065560e+03 1.0000000000e+03
5 4.0100000000e-02 3.1491065560e+03 1.0000000000e+03
6 5.0100000000e-02 3.1391065560e+03 1.0000000000e+03
7 6.0100000000e-02 3.1291065560e+03 1.0000000000e+03
8 7.0100000000e-02 3.1191065560e+03 1.0000000000e+03
9 8.0100000000e-02 3.1091065560e+03 1.0000000000e+03
10 9.0100000000e-02 3.0991065560e+03 1.0000000000e+03
11 1.0010000000e-01 3.0891065560e+03 1.0000000000e+03
12 1.1010000000e-01 3.0791065560e+03 1.0000000000e+03
13 1.2010000000e-01 3.0691065560e+03 1.0000000000e+03
14 1.3010000000e-01 3.0591065560e+03 1.0000000000e+03
15 1.4010000000e-01 3.0491065560e+03 1.0000000000e+03
16 1.5010000000e-01 3.0391065560e+03 1.0000000000e+03
17 1.6010000000e-01 3.0291065560e+03 1.0000000000e+03
18 1.7010000000e-01 3.0191065560e+03 1.0000000000e+03
19 1.8010000000e-01 3.0091065560e+03 1.0000000000e+03
20 1.9010000000e-01 2.9991065560e+03 1.0000000000e+03
21 2.0010000000e-01 2.9891065560e+03 1.0000000000e+03
22 2.1010000000e-01 2.9791065560e+03 1.0000000000e+03
23 2.2010000000e-01 2.9691065560e+03 1.0000000000e+03
24 2.3010000000e-01 2.9591065560e+03 1.0000000000e+03
25 2.4010000000e-01 2.9491065560e+03 1.0000000000e+03
26 2.5010000000e-01 2.9391065560e+03 1.0000000000e+03
27 2.6010000000e-01 2.9291065560e+03 1.0000000000e+03
28 2.7010000000e-01 2.9191065560e+03 1.0000000000e+03
29 2.8010000000e-01 2.9091065560e+03 1.0000000000e+03
30 2.9010000000e-01 2.8991065560e+03 1.0000000000e+03
31 3.0010000000e-01 2.8891065560e+03 1.0000000000e+03
32 3.1010000000e-01 2.8791065560e+03 1.0000000000e+03
33 3.2010000000e-01 2.8691065560e+03 1.0000000000e+03
34 3.3010000000e-01 2.8591065560e+03 1.0000000000e+03
35 3.4010000000e-01 2.8491065560e+03 1.0000000000e+03
36 3.5010000000e-01 2.8391065560e+03 1.0000000000e+03
37 3.6010000000e-01 2.8291065560e+03 1.0000000000e+03
38 3.7010000000e-01 2.8191065560e+03 1.0000000000e+03
39 3.8010000000e-01 2.8091065560e+03 1.0000000000e+03
40 3.9010000000e-01 2.7991065560e+03 1.0000000000e+03
41 4.0010000000e-01 2.7891065560e+03 1.0000000000e+03
42 4.1010000000e-01 2.7791065560e+03 1.0000000000e+03
43 4.2010000000e-01 2.7691065560e+03 1.0000000000e+03
44 4.3010000000e-01 2.7591065560e+03 1.0000000000e+03
45 4.4010000000e-01 2.7491065560e+03 1.0000000000e+03
46 4.5010000000e-01 2.7391065560e+03 1.0000000000e+03
47 4.6010000000e-01 2.7291065560e+03 1.0000000000e+03
48 4.7010000000e-01 2.7191065560e+03 1.0000000000e+03
49 4.8010000000e-01 2.7091065560e+03 1.0000000000e+03
50 4.9010000000e-01 2.6991065560e+03 1.0000000000e+03
51 5.0010000000e-01 2.6891065560e+03 1.0000000000e+03
52 5.1010000000e-01 2.6791065560e+03 1.0000000000e+03
53 5.2010000000e-01 2.6691065560e+03 1.0000000000e+03
54 5.3010000000e-01 2.6591065560e+03 1.0000000000e+03
55 5.4010000000e-01 2.6491065560e+03 1.0000000000e+03
56 5.5010000000e-01 2.6391065560e+03 1.0000000000e+03
57 5.6010000000e-01 2.6291065560e+03 1.0000000000e+03
58 5.7010000000e-01 2.6191065560e+03 1.0000000000e+03
59 5.8010000000e-01 2.6091065560e+03 1.0000000000e+03
60 5.9010000000e-01 2.5991065560e+03 1.0000000000e+03
61 6.0010000000e-01 2.5891065560e+03 1.0000000000e+03
62 6.1010000000e-01 2.5791065560e+03 1.0000000000e+03
63 6.2010000000e-01 2.5691065560e+03 1.0000000000e+03
64 6.3010000000e-01 2.5591065560e+03 1.0000000000e+03
65 6.4010000000e-01 2.5491065560e+03 1.0000000000e+03
66 6.5010000000e-01 2.5391065560e+03 1.0000000000e+03
67 6.6010000000e-01 2.5291065560e+03 1.0000000000e+03
68 6.7010000000e-01 2.5191065560e+03 1.0000000000e+03
69 6.8010000000e-01 2.5091065560e+03 1.0000000000e+03
70 6.9010000000e-01 2.4991065560e+03 1.0000000000e+03
71 7.0010000000e-01 2.4891065560e+03 1.0000000000e+03
72 7.1010000000e-01 2.4791065560e+03 1.0000000000e+03
73 7.2010000000e-01 2.4691065560e+03 1.0000000000e+03
74 7.3010000000e-01 2.4591065560e+03 1.0000000000e+03
75 7.4010000000e-01 2.4491065560e+03 1.0000000000e+03
76 7.5010000000e-01 2.4391065560e+03 1.0000000000e+03
77 7.6010000000e-01 2.4291065560e+03 1.0000000000e+03
78 7.7010000000e-01 2.4191065560e+03 1.0000000000e+03
79 7.8010000000e-01 2.4091065560e+03 1.0000000000e+03
80 7.9010000000e-01 2.3991065560e+03 1.0000000000e+03
81 8.0010000000e-01 2.3891065560e+03 1.0000000000e+03
82 8.1010000000e-01 2.3791065560e+03 1.0000000000e+03
83 8.2010000000e-01 2.3691065560e+03 1.0000000000e+03
84 8.3010000000e-01 2.3591065560e+03 1.0000000000e+03
85 8.4010000000e-01 2.3491065560e+03 1.0000000000e+03
86 8.5010000000e-01 2.3391065560e+03 1.0000000000e+03
87 8.6010000000e-01 2.3291065560e+03 1.0000000000e+03
88 8.7010000000e-01 2.3191065560e+03 1.0000000000e+03
89 8.8010000000e-01 2.3091065560e+03 1.0000000000e+03
90 8.9010000000e-01 2.2991065560e+03 1.0000000000e+03
91 9.0010000000e-01 2.2891065560e+03 1.0000000000e+03
92 9.1010000000e-01 2.2791065560e+03 1.0000000000e+03
93 9.2010000000e-01 2.2691065560e+03 1.0000000000e+03
94 9.3010000000e-01 2.2591065560e+03 1.0000000000e+03
95 9.4010000000e-01 2.2491065560e+03 1.0000000000e+03
96 9.5010000000e-01 2.2391065560e+03 1.0000000000e+03
97 9.6010000000e-01 2.2291065560e+03 1.0000000000e+03
98 9.7010000000e-01 2.2191065560e+03 1.0000000000e+03
99 9.8010000000e-01 2.2091065560e+03 1.0000000000e+03
100 9.9010000000e-01 2.1991065560e+03 1.0000000000e+03
101 1.0001000000e+00 2.1891065560e+03 1.0000000000e+03
102 1.0101000000e+00 2.1791065560e+03 1.0000000000e+03
103 1.0201000000e+00 2.1691065560e+03 1.0000000000e+03
104 1.0301000000e+00 2.1591065560e+03 1.0000000000e+03
105 1.0401000000e+00 2.1491065560e+03 1.0000000000e+03
106 1.0501000000e+00 2.1391065560e+03 1.0000000000e+03
107 1.0601000000e+00 2.1291065560e+03 1.0000000000e+03
108 1.0701000000e+00 2.1191065560e+03 1.0000000000e+03
109 1.0801000000e+00 2.1091065560e+03 1.0000000000e+03
110 1.0901000000e+00 2.0991065560e+03 1.0000000000e+03
111 1.1001000000e+00 2.0891065560e+03 1.0000000000e+03
112 1.1101000000e+00 2.0791065560e+03 1.0000000000e+03
113 1.1201000000e+00 2.0691065560e+03 1.0000000000e+03
114 1.1301000000e+00 2.0591065560e+03 1.0000000000e+03
115 1.1401000000e+00 2.0491065560e+03 1.0000000000e+03
116 1.1501000000e+00 2.0391065560e+03 1.0000000000e+03
117 1.1601000000e+00 2.0291065560e+03 1.0000000000e+03
118 1.1701000000e+00 2.0191065560e+03 1.0000000000e+03
119 1.1801000000e+00 2.0091065560e+03 1.0000000000e+03
120 1.1901000000e+00 1.9991065560e+03 1.0000000000e+03
121 1.2001000000e+00 1.9891065560e+03 1.0000000000e+03
122 1.2101000000e+00 1.9791065560e+03 1.0000000000e+03
123 1.2201000000e+00 1.9691065560e+03 1.0000000000e+03
124 1.2301000000e+00 1.9591065560e+03 1.0000000000e+03
125 1.2401000000e+00 1.9491065560e+03 1.0000000000e+03
126 1.2501000000e+00 1.9391065560e+03 1.0000000000e+03
127 1.2601000000e+00 1.9291065560e+03 1.0000000000e+03
128 1.2701000000e+00 1.9191065560e+03 1.0000000000e+03
129 1.2801000000e+00 1.9091065560e+03 1.0000000000e+03
130 1.2901000000e+00 1.8991065560e+03 1.0000000000e+03
131 1.3001000000e+00 1.8891065560e+03 1.0000000000e+03
132 1.3101000000e+00 1.8791065560e+03 1.0000000000e+03
133 1.3201000000e+00 1.8691065560e+03 1.0000000000e+03
134 1.3301000000e+00 1.8591065560e+03 1.0000000000e+03
135 1.3401000000e+00 1.8491065560e+03 1.0000000000e+03
136 1.3501000000e+00 1.8391065560e+03 1.0000000000e+03
137 1.3601000000e+00 1.8291065560e+03 1.0000000000e+03
138 1.3701000000e+00 1.8191065560e+03 1.0000000000e+03
139 1.3801000000e+00 1.8091065560e+03 1.0000000000e+03
140 1.3901000000e+00 1.7991065560e+03 1.0000000000e+03
141 1.4001000000e+00 1.7891065560e+03 1.0000000000e+03
142 1.4101000000e+00 1.7791065560e+03 1.0000000000e+03
143 1.4201000000e+00 1.7691065560e+03 1.0000000000e+03
144 1.4301000000e+00 1.7591065560e+03 1.0000000000e+03
145 1.4401000000e+00 1.7491065560e+03 1.0000000000e+03
146 1.4501000000e+00 1.7391065560e+03 1.0000000000e+03
147 1.4601000000e+00 1.7291065560e+03 1.0000000000e+03
148 1.4701000000e+00 1.7191065560e+03 1.0000000000e+03
149 1.4801000000e+00 1.7091065560e+03 1.0000000000e+03
150 1.4901000000e+00 1.6991065560e+03 1.0000000000e+03
151 1.5001000000e+00 1.6891065560e+03 1.0000000000e+03
152 1.5101000000e+00 1.6791065560e+03 1.0000000000e+03
153 1.5201000000e+00 1.6691065560e+03 1.0000000000e+03
154 1.5301000000e+00 1.6591065560e+03 1.0000000000e+03
155 1.5401000000e+00 1.6491065560e+03 1.0000000000e+03
156 1.5501000000e+00 1.6391065560e+03 1.0000000000e+03
157 1.5601000000e+00 1.6291065560e+03 1.0000000000e+03
158 1.5701000000e+00 1.6191065560e+03 1.0000000000e+03
159 1.5801000000e+00 1.6091065560e+03 1.0000000000e+03
160 1.5901000000e+00 1.5991065560e+03 1.0000000000e+03
161 1.6001000000e+00 1.5891065560e+03 1.0000000000e+03
162 1.6101000000e+00 1.5791065560e+03 1.0000000000e+03
163 1.6201000000e+00 1.5691065560e+03 1.0000000000e+03
164 1.6301000000e+00 1.5591065560e+03 1.0000000000e+03
165 1.6401000000e+00 1.5491065560e+03 1.0000000000e+03
166 1.6501000000e+00 1.5391065560e+03 1.0000000000e+03
167 1.6601000000e+00 1.5291065560e+03 1.0000000000e+03
168 1.6701000000e+00 1.5191065560e+03 1.0000000000e+03
169 1.6801000000e+00 1.5091065560e+03 1.0000000000e+03
170 1.6901000000e+00 1.4991065560e+03 1.0000000000e+03
171 1.7001000000e+00 1.4891065560e+03 1.0000000000e+03
172 1.7101000000e+00 1.4791065560e+03 1.0000000000e+03
173 1.7201000000e+00 1.4691065560e+03 1.0000000000e+03
174 1.7301000000e+00 1.4591065560e+03 1.0000000000e+03
175 1.7401000000e+00 1.4491065560e+03 1.0000000000e+03
176 1.7501000000e+00 1.4391065560e+03 1.0000000000e+03
177 1.7601000000e+00 1.4291065560e+03 1.0000000000e+03
178 1.7701000000e+00 1.4191065560e+03 1.0000000000e+03
179 1.7801000000e+00 1.4091065560e+03 1.0000000000e+03
180 1.7901000000e+00 1.3991065560e+03 1.0000000000e+03
181 1.8001000000e+00 1.3891065560e+03 1.0000000000e+03
182 1.8101000000e+00 1.3791065560e+03 1.0000000000e+03
183 1.8201000000e+00 1.3691065560e+03 1.0000000000e+03
184 1.8301000000e+00 1.3591065560e+03 1.0000000000e+03
185 1.8401000000e+00 1.3491065560e+03 1.0000000000e+03
186 1.8501000000e+00 1.3391065560e+03 1.0000000000e+03
187 1.8601000000e+00 1.3291065560e+03 1.0000000000e+03
188 1.8701000000e+00 1.3191065560e+03 1.0000000000e+03
189 1.8801000000e+00 1.3091065560e+03 1.0000000000e+03
190 1.8901000000e+00 1.2991065560e+03 1.0000000000e+03
191 1.9001000000e+00 1.2891065560e+03 1.0000000000e+03
192 1.9101000000e+00 1.2791065560e+03 1.0000000000e+03
193 1.9201000000e+00 1.2691065560e+03 1.0000000000e+03
194 1.9301000000e+00 1.2591065560e+03 1.0000000000e+03
195 1.9401000000e+00 1.2491065560e+03 1.0000000000e+03
196 1.9501000000e+00 1.2391065560e+03 1.0000000000e+03
197 1.9601000000e+00 1.2291065560e+03 1.0000000000e+03
198 1.9701000000e+00 1.2191065560e+03 1.0000000000e+03
199 1.9801000000e+00 1.2091065560e+03 1.0000000000e+03
200 1.9901000000e+00 1.1991065560e+03 1.0000000000e+03
201 2.0001000000e+00 1.1891065560e+03 1.0000000000e+03
202 2.0101000000e+00 1.1791065560e+03 1.0000000000e+03
203 2.0201000000e+00 1.1691065560e+03 1.0000000000e+03
204 2.0301000000e+00 1.1591065560e+03 1.0000000000e+03
205 2.0401000000e+00 1.1491065560e+03 1.0000000000e+03
206 2.0501000000e+00 1.1391065560e+03 1.0000000000e+03
207 2.0601000000e+00 1.1291065560e+03 1.0000000000e+03
208 2.0701000000e+00 1.1191065560e+03 1.0000000000e+03
209 2.0801000000e+00 1.1091065560e+03 1.0000000000e+03
210 2.0901000000e+00 1.0991065560e+03 1.0000000000e+03
211 2.1001000000e+00 1.0891065560e+03 1.0000000000e+03
212 2.1101000000e+00 1.0791065560e+03 1.0000000000e+03
213 2.1201000000e+00 1.0691065560e+03 1.0000000000e+03
214 2.1301000000e+00 1.0591065560e+03 1.0000000000e+03
215 2.1401000000e+00 1.0491065560e+03 1.0000000000e+03
216 2.1501000000e+00 1.0391065560e+03 1.0000000000e+03
217 2.1601000000e+00 1.0291065560e+03 1.0000000000e+03
218 2.1701000000e+00 1.0191065560e+03 1.0000000000e+03
219 2.1801000000e+00 1.0091065560e+03 1.0000000000e+03
220 2.1901000000e+00 9.9910655600e+02 1.0000000000e+03
221 2.2001000000e+00 9.8910655600e+02 1.0000000000e+03
222 2.2101000000e+00 9.7910655600e+02 1.0000000000e+03
223 2.2201000000e+00 9.6910655600e+02 1.0000000000e+03
224 2.2301000000e+00 9.5910655600e+02 1.0000000000e+03
225 2.2401000000e+00 9.4910655600e+02 1.0000000000e+03
226 2.2501000000e+00 9.3910655600e+02 1.0000000000e+03
227 2.2601000000e+00 9.2910655600e+02 1.0000000000e+03
228 2.2701000000e+00 9.1910655600e+02 1.0000000000e+03
229 2.2801000000e+00 9.0910655600e+02 1.0000000000e+03
230 2.2901000000e+00 8.9910655600e+02 1.0000000000e+03
231 2.3001000000e+00 8.8910655600e+02 1.0000000000e+03
232 2.3101000000e+00 8.7910655600e+02 1.0000000000e+03
233 2.3201000000e+00 8.6910655600e+02 1.0000000000e+03
234 2.3301000000e+00 8.5910655600e+02 1.0000000000e+03
235 2.3401000000e+00 8.4910655600e+02 1.0000000000e+03
236 2.3501000000e+00 8.3910655600e+02 1.0000000000e+03
237 2.3601000000e+00 8.2910655600e+02 1.0000000000e+03
238 2.3701000000e+00 8.1910655600e+02 1.0000000000e+03
239 2.3801000000e+00 8.0910655600e+02 1.0000000000e+03
240 2.3901000000e+00 7.9910655600e+02 1.0000000000e+03
241 2.4001000000e+00 7.8910655600e+02 1.0000000000e+03
242 2.4101000000e+00 7.7910655600e+02 1.0000000000e+03
243 2.4201000000e+00 7.6910655600e+02 1.0000000000e+03
244 2.4301000000e+00 7.5910655600e+02 1.0000000000e+03
245 2.4401000000e+00 7.4910655600e+02 1.0000000000e+03
246 2.4501000000e+00 7.3910655600e+02 1.0000000000e+03
247 2.4601000000e+00 7.2910655600e+02 1.0000000000e+03
248 2.4701000000e+00 7.1910655600e+02 1.0000000000e+03
249 2.4801000000e+00 7.0910655600e+02 1.0000000000e+03
250 2.4901000000e+00 6.9910655600e+02 1.0000000000e+03
251 2.5001000000e+00 6.8910655600e+02 1.0000000000e+03
252 2.5101000000e+00 6.7910655600e+02 1.0000000000e+03
253 2.5201000000e+00 6.6910655600e+02 1.0000000000e+03
254 2.5301000000e+00 6.5910655600e+02 1.0000000000e+03
255 2.5401000000e+00 6.4910655600e+02 1.0000000000e+03
256 2.5501000000e+00 6.3910655600e+02 1.0000000000e+03
257 2.5601000000e+00 6.2910655600e+02 1.0000000000e+03
258 2.5701000000e+00 6.1910655600e+02 1.0000000000e+03
259 2.5801000000e+00 6.0910655600e+02 1.0000000000e+03
260 2.5901000000e+00 5.9910655600e+02 1.0000000000e+03
261 2.6001000000e+00 5.8910655600e+02 1.0000000000e+03
262 2.6101000000e+00 5.7910655600e+02 1.0000000000e+03
263 2.6201000000e+00 5.6910655600e+02 1.0000000000e+03
264 2.6301000000e+00 5.5910655600e+02 1.0000000000e+03
265 2.6401000000e+00 5.4910655600e+02 1.0000000000e+03
266 2.6501000000e+00 5.3910655600e+02 1.0000000000e+03
267 2.6601000000e+00 5.2910655600e+02 1.0000000000e+03
268 2.6701000000e+00 5.1910655600e+02 1.0000000000e+03
269 2.6801000000e+00 5.0910655600e+02 1.0000000000e+03
270 2.6901000000e+00 4.9910655600e+02 1.0000000000e+03
271 2.7001000000e+00 4.8910655600e+02 1.0000000000e+03
272 2.7101000000e+00 4.7910655600e+02 1.0000000000e+03
273 2.7201000000e+00 4.6910655600e+02 1.0000000000e+03
274 2.7301000000e+00 4.5910655600e+02 1.0000000000e+03
275 2.7401000000e+00 4.4910655600e+02 1.0000000000e+03
276 2.7501000000e+00 4.3910655600e+02 1.0000000000e+03
277 2.7601000000e+00 4.2910655600e+02 1.0000000000e+03
278 2.7701000000e+00 4.1910655600e+02 1.0000000000e+03
279 2.7801000000e+00 4.0910655600e+02 1.0000000000e+03
280 2.7901000000e+00 3.9910655600e+02 1.0000000000e+03
281 2.8001000000e+00 3.8910655600e+02 1.0000000000e+03
282 2.8101000000e+00 3.7910655600e+02 1.0000000000e+03
283 2.8201000000e+00 3.6910655600e+02 1.0000000000e+03
284 2.8301000000e+00 3.5910655600e+02 1.0000000000e+03
285 2.8401000000e+00 3.4910655600e+02 1.0000000000e+03
286 2.8501000000e+00 3.3910655600e+02 1.0000000000e+03
287 2.8601000000e+00 3.2910655600e+02 1.0000000000e+03
288 2.8701000000e+00 3.1910655600e+02 1.0000000000e+03
289 2.8801000000e+00 3.0910655600e+02 1.0000000000e+03
290 2.8901000000e+00 2.9910655600e+02 1.0000000000e+03
291 2.9001000000e+00 2.8910655600e+02 1.0000000000e+03
292 2.9101000000e+00 2.7910655600e+02 1.0000000000e+03
293 2.9201000000e+00 2.6910655600e+02 1.0000000000e+03
294 2.9301000000e+00 2.5910655600e+02 1.0000000000e+03
295 2.9401000000e+00 2.4910655600e+02 1.0000000000e+03
296 2.9501000000e+00 2.3910655600e+02 1.0000000000e+03
297 2.9601000000e+00 2.2910655600e+02 1.0000000000e+03
298 2.9701000000e+00 2.1910655600e+02 1.0000000000e+03
299 2.9801000000e+00 2.0910655600e+02 1.0000000000e+03
300 2.9901000000e+00 1.9910655600e+02 1.0000000000e+03
301 3.0001000000e+00 1.8910655600e+02 2.6976130000e+02
302 3.0101000000e+00 1.8640894300e+02 6.9945790000e+02
303 3.0201000000e+00 1.7941436400e+02 3.6399110000e+02
304 3.0301000000e+00 1.7577445300e+02 3.5651870000e+02
305 3.0401000000e+00 1.7220926600e+02 5.6398030000e+02
306 3.0501000000e+00 1.6656946300e+02 4.2101670000e+02
307 3.0601000000e+00 1.6235929600e+02 4.5565730000e+02
308 3.0701000000e+00 1.5780272300e+02 4.0840080000e+02
309 3.0801000000e+00 1.5371871500e+02 2.9036750000e+02
310 3.0901000000e+00 1.5081504000e+02 4.4543480000e+02
311 3.1001000000e+00 1.4636069200e+02 3.7385890000e+02
312 3.1101000000e+00 1.4262210300e+02 3.0797410000e+02
313 3.1201000000e+00 1.3954236200e+02 4.5691405000e+02
314 3.1301000000e+00 1.3497322150e+02 3.6761210000e+02
315 3.1401000000e+00 1.3129710050e+02 2.6192080000e+02
316 3.1501000000e+00 1.2867789250e+02 2.5354200000e+02
317 3.1601000000e+00 1.2614247250e+02 3.9080785000e+02
318 3.1701000000e+00 1.2223439400e+02 2.5458471000e+02
319 3.1801000000e+00 1.1968854690e+02 3.4677867000e+02
320 3.1901000000e+00 1.1622076020e+02 2.7863166000e+02
321 3.2001000000e+00 1.1343444360e+02 3.1215145000e+02
322 3.2101000000e+00 1.1031292910e+02 1.6949250000e+02
323 3.2201000000e+00 1.0861800410e+02 3.7054337000e+02
324 3.2301000000e+00 1.0491257040e+02 2.4899645000e+02
325 3.2401000000e+00 1.0242260590e+02 1.8433796000e+02
326 3.2501000000e+00 1.0057922630e+02 3.4018843000e+02
327 3.2601000000e+00 9.7177342000e+01 1.9544991000e+02
328 3.2701000000e+00 9.5222842900e+01 2.4113104000e+02
329 3.2801000000e+00 9.2811532500e+01 2.1319625000e+02
330 3.2901000000e+00 9.0679570000e+01 2.7331471000e+02
331 3.3001000000e+00 8.7946422900e+01 1.7720713000e+02
332 3.3101000000e+00 8.6174351600e+01 2.4076100000e+02
333 3.3201000000e+00 8.3766741600e+01 2.1789782000e+02
334 3.3301000000e+00 8.1587763400e+01 2.0212044000e+02
335 3.3401000000e+00 7.9566559000e+01 1.7988127000e+02
336 3.3501000000e+00 7.7767746300e+01 1.8275712000e+02
337 3.3601000000e+00 7.5940175100e+01 1.8796131000e+02
338 3.3701000000e+00 7.4060562000e+01 1.9674170000e+02
339 3.3801000000e+00 7.2093145000e+01 1.2522410000e+02
340 3.3901000000e+00 7.0840904000e+01 1.7947730000e+02
341 3.4001000000e+00 6.9046131000e+01 1.9871094000e+02
342 3.4101000000e+00 6.7059021600e+01 1.3686629000e+02
343 3.4201000000e+00 6.5690358700e+01 2.2414093000e+02
344 3.4301000000e+00 6.3448949400e+01 1.0182120000e+02
345 3.4401000000e+00 6.2430737400e+01 1.4071968000e+02
346 3.4501000000e+00 6.1023540600e+01 1.2991968000e+02
347 3.4601000000e+00 5.9724343800e+01 1.2925063000e+02
348 3.4701000000e+00 5.8431837500e+01 1.7640548000e+02
349 3.4801000000e+00 5.6667782700e+01 1.0055766000e+02
350 3.4901000000e+00 5.5662206100e+01 1.0131718000e+02
351 3.5001000000e+00 5.4649034300e+01 2.0596061000e+02
352 3.5101000000e+00 5.2589428200e+01 6.1934500000e+01
353 3.5201000000e+00 5.1970083200e+01 1.4953388000e+02
354 3.5301000000e+00 5.0474744400e+01 1.2456705000e+02
355 3.5401000000e+00 4.9229073900e+01 1.1307619000e+02
356 3.5501000000e+00 4.8098312000e+01 1.0761335000e+02
357 3.5601000000e+00 4.7022178500e+01 1.4004640000e+02
358 3.5701000000e+00 4.5621714500e+01 4.5463270000e+01
359 3.5801000000e+00 4.5167081800e+01 1.3054848000e+02
360 3.5901000000e+00 4.3861597000e+01 9.1157180000e+01
361 3.6001000000e+00 4.2950025200e+01 9.1770350000e+01
362 3.6101000000e+00 4.2032321700e+01 1.4654294000e+02
363 3.6201000000e+00 4.0566892300e+01 6.5175290000e+01
364 3.6301000000e+00 3.9915139400e+01 8.9968030000e+01
365 3.6401000000e+00 3.9015459100e+01 6.9154420000e+01
366 3.6501000000e+00 3.8323914900e+01 1.0417266000e+02
367 3.6601000000e+00 3.7282188300e+01 7.4589030000e+01
368 3.6701000000e+00 3.6536298000e+01 8.8797340000e+01
369 3.6801000000e+00 3.5648324600e+01 4.0246790000e+01
370 3.6901000000e+00 3.5245856700e+01 7.3167720000e+01
371 3.7001000000e+00 3.4514179500e+01 1.1970170000e+02
372 3.7101000000e+00 3.3317162500e+01 2.5442710000e+01
373 3.7201000000e+00 3.3062735400e+01 8.9915200000e+01
374 3.7301000000e+00 3.2163583400e+01 5.1966710000e+01
375 3.7401000000e+00 3.1643916300e+01 9.7303790000e+01
376 3.7501000000e+00 3.0670878400e+01 4.6223070000e+01
377 3.7601000000e+00 3.0208647700e+01 8.1546780000e+01
378 3.7701000000e+00 2.9393179900e+01 4.0469840000e+01
379 3.7801000000e+00 2.8988481500e+01 7.2123790000e+01
380 3.7901000000e+00 2.8267243600e+01 5.3199920000e+01
381 3.8001000000e+00 2.7735244400e+01 5.8318920000e+01
382 3.8101000000e+00 2.7152055200e+01 4.2768410000e+01
383 3.8201000000e+00 2.6724371100e+01 7.5822430000e+01
384 3.8301000000e+00 2.5966146800e+01 4.0800640000e+01
385 3.8401000000e+00 2.5558140400e+01 5.5738940000e+01
386 3.8501000000e+00 2.5000751000e+01 4.0736820000e+01
387 3.8601000000e+00 2.4593382800e+01 5.2714290000e+01
388 3.8701000000e+00 2.4066239900e+01 3.3484830000e+01
389 3.8801000000e+00 2.3731391600e+01 4.7534680000e+01
390 3.8901000000e+00 2.3256044800e+01 4.3207790000e+01
391 3.9001000000e+00 2.2823966900e+01 4.5052340000e+01
392 3.9101000000e+00 2.2373443500e+01 3.3775020000e+01
393 3.9201000000e+00 2.2035693300e+01 4.5376520000e+01
394 3.9301000000e+00 2.1581928100e+01 5.1429920000e+01
395 3.9401000000e+00 2.1067628900e+01 1.8537020000e+01
396 3.9501000000e+00 2.0882258700e+01 4.3094190000e+01
397 3.9601000000e+00 2.0451316800e+01 3.3851240000e+01
398 3.9701000000e+00 2.0112804400e+01 4.5569460000e+01
399 3.9801000000e+00 1.9657109800e+01 2.8597470000e+01
400 3.9901000000e+00 1.9371135100e+01 4.7132160000e+01
401 4.0001000000e+00 1.8899813500e+01 1.3240190000e+01
402 4.0101000000e+00 1.8767411600e+01 3.5311380000e+01
403 4.0201000000e+00 1.8414297800e+01 2.7451610000e+01
404 4.0301000000e+00 1.8139781700e+01 3.0105440000e+01
405 4.0401000000e+00 1.7838727300e+01 1.8266750000e+01
406 4.0501000000e+00 1.7656059800e+01 4.3873140000e+01
407 4.0601000000e+00 1.7217328400e+01 2.7133360000e+01
408 4.0701000000e+00 1.6945994800e+01 2.1022660000e+01
409 4.0801000000e+00 1.6735768200e+01 2.7678710000e+01
410 4.0901000000e+00 1.6458981100e+01 3.1813120000e+01
411 4.1001000000e+00 1.6140849900e+01 1.6992680000e+01
412 4.1101000000e+00 1.5970923100e+01 3.0638760000e+01
413 4.1201000000e+00 1.5664535500e+01 3.9925770000e+01
414 4.1301000000e+00 1.5265277800e+01 3.8006640000e+01
415 4.1401000000e+00 1.4885211400e+01 2.4784240000e+01
416 4.1501000000e+00 1.4637369000e+01 4.5702440000e+01
417 4.1601000000e+00 1.4180344600e+01 2.7604770000e+01
418 4.1701000000e+00 1.3904296900e+01 4.7731880000e+01
419 4.1801000000e+00 1.3426978100e+01 4.5033090000e+01
420 4.1901000000e+00 1.2976647200e+01 3.7209430000e+01
421 4.2001000000e+00 1.2604552900e+01 4.4671640000e+01
422 4.2101000000e+00 1.2157836500e+01 3.6838395000e+01
423 4.2201000000e+00 1.1789452550e+01 4.1743475000e+01
424 4.2301000000e+00 1.1372017800e+01 4.2161610000e+01
425 4.2401000000e+00 1.0950401700e+01 2.1532045000e+01
426 4.2501000000e+00 1.0735081250e+01 3.6332060000e+01
427 4.2601000000e+00 1.0371760650e+01 3.7166445000e+01
428 4.2701000000e+00 1.0000096200e+01 4.3559450000e+01
429 4.2801000000e+00 9.5645017000e+00 3.1624700000e+01
430 4.2901000000e+00 9.2482547000e+00 3.3129950000e+01
431 4.3001000000e+00 8.9169552000e+00 2.2889900000e+01
432 4.3101000000e+00 8.6880562000e+00 1.1069240000e+01
433 4.3201000000e+00 8.5773638000e+00 8.4439500000e+00
434 4.3301000000e+00 8.4929243000e+00 1.0828490000e+01
435 4.3401000000e+00 8.3846394000e+00 2.1205662000e+01
436 4.3501000000e+00 8.1725827800e+00 1.8914062000e+01
437 4.3601000000e+00 7.9834421600e+00 1.7306497000e+01
438 4.3701000000e+00 7.8103771900e+00 1.9786570000e+01
439 4.3801000000e+00 7.6125114900e+00 1.5842756000e+01
440 4.3901000000e+00 7.4540839300e+00 3.0456053000e+01
441 4.4001000000e+00 7.1495234000e+00 1.0361329000e+01
442 4.4101000000e+00 7.0459101100e+00 1.6925467000e+01
443 4.4201000000e+00 6.8766554400e+00 1.8269280000e+01
444 4.4301000000e+00 6.6939626400e+00 1.6533454000e+01
445 4.4401000000e+00 6.5286281000e+00 6.8791040000e+00
446 4.4501000000e+00 6.4598370600e+00 1.0126677000e+01
447 4.4601000000e+00 6.3585702900e+00 8.7883480000e+00
448 4.4701000000e+00 6.2706868100e+00 4.7410280000e+00
449 4.4801000000e+00 6.2232765300e+00 6.5795850000e+00
450 4.4901000000e+00 6.1574806800e+00 1.3143800000e+01
451 4.5001000000e+00 6.0260426800e+00 1.2744914000e+01
452 4.5101000000e+00 5.8985935400e+00 1.1375429000e+01
453 4.5201000000e+00 5.7848392500e+00 9.3148750000e+00
454 4.5301000000e+00 5.6916905000e+00 6.7247220000e+00
455 4.5401000000e+00 5.6244432800e+00 1.1134061000e+01
456 4.5501000000e+00 5.5131026700e+00 1.0810629000e+01
457 4.5601000000e+00 5.4049963800e+00 1.2460540000e+01
458 4.5701000000e+00 5.2803909800e+00 3.7444740000e+00
459 4.5801000000e+00 5.2429462400e+00 7.3689770000e+00
460 4.5901000000e+00 5.1692564700e+00 3.9258820000e+00
461 4.6001000000e+00 5.1299976500e+00 1.3653696000e+01
462 4.6101000000e+00 4.9934606900e+00 8.4239200000e+00
463 4.6201000000e+00 4.9092214900e+00 4.1769450000e+00
464 4.6301000000e+00 4.8674520400e+00 7.7621460000e+00
465 4.6401000000e+00 4.7898305800e+00 7.5965690000e+00
466 4.6501000000e+00 4.7138648900e+00 6.3554360000e+00
467 4.6601000000e+00 4.6503105300e+00 4.7142260000e+00
468 4.6701000000e+00 4.6031682700e+00 1.1237866000e+01
469 4.6801000000e+00 4.4907896100e+00 7.3777700000e+00
470 4.6901000000e+00 4.4170119100e+00 8.5420860000e+00
471 4.7001000000e+00 4.3315910500e+00 5.0806920000e+00
472 4.7101000000e+00 4.2807841300e+00 4.9266550000e+00
473 4.7201000000e+00 4.2315175800e+00 5.3400750000e+00
474 4.7301000000e+00 4.1781168300e+00 6.0738950000e+00
475 4.7401000000e+00 4.1173778800e+00 8.7949050000e+00
476 4.7501000000e+00 4.0294288300e+00 7.1348530000e+00
477 4.7601000000e+00 3.9580803000e+00 2.0038840000e+00
478 4.7701000000e+00 3.9380414600e+00 7.3714210000e+00
479 4.7801000000e+00 3.8643272500e+00 3.2442390000e+00
480 4.7901000000e+00 3.8318848600e+00 7.7275600000e+00
481 4.8001000000e+00 3.7546092600e+00 6.3785650000e+00
482 4.8101000000e+00 3.6908236100e+00 5.7592110000e+00
483 4.8201000000e+00 3.6332315000e+00 5.6762650000e+00
484 4.8301000000e+00 3.5764688500e+00 3.9958550000e+00
485 4.8401000000e+00 3.5365103000e+00 5.9450700000e+00
486 4.8501000000e+00 3.4770596000e+00 3.7990580000e+00
487 4.8601000000e+00 3.4390690200e+00 4.8065120000e+00
488 4.8701000000e+00 3.3910039000e+00 5.7973030000e+00
489 4.8801000000e+00 3.3330308700e+00 3.5011420000e+00
490 4.8901000000e+00 3.2980194500e+00 5.9851080000e+00
491 4.9001000000e+00 3.2381683700e+00 3.7631770000e+00
492 4.9101000000e+00 3.2005366000e+00 6.7844870000e+00
493 4.9201000000e+00 3.1326917300e+00 2.4736320000e+00
494 4.9301000000e+00 3.1079554100e+00 4.5316180000e+00
495 4.9401000000e+00 3.0626392300e+00 2.8894980000e+00
496 4.9501000000e+00 3.0337442500e+00 7.5882080000e+00
497 4.9601000000e+00 2.9578621700e+00 1.6210810000e+00
498 4.9701000000e+00 2.9416513600e+00 5.7767280000e+00
499 4.9801000000e+00 2.8838840800e+00 2.1994360000e+00
500 4.9901000000e+00 2.8618897200e+00 3.7862110000e+00
501 5.0001000000e+00 2.8240276100e+00 4.4483980000e+00
502 5.0101000000e+00 2.7795436300e+00 3.9785250000e+00
503 5.0201000000e+00 2.7397583800e+00 3.1026240000e+00
504 5.0301000000e+00 2.7087321400e+00 4.0766810000e+00
505 5.0401000000e+00 2.6679653300e+00 4.4359140000e+00
506 5.0501000000e+00 2.6236061900e+00 4.0543090000e+00
507 5.0601000000e+00 2.5830631000e+00 4.4620800000e+00
508 5.0701000000e+00 2.5384423000e+00 4.3633640000e+00
509 5.0801000000e+00 2.4948086600e+00 3.9159570000e+00
510 5.0901000000e+00 2.4556490900e+00 4.6702950000e+00
511 5.1001000000e+00 2.4089461400e+00 3.3420120000e+00
512 5.1101000000e+00 2.3755260200e+00 4.0049320000e+00
513 5.1201000000e+00 2.3354767000e+00 2.5111960000e+00
514 5.1301000000e+00 2.3103647400e+00 4.7164840000e+00
515 5.1401000000e+00 2.2631999000e+00 3.1449720000e+00
516 5.1501000000e+00 2.2317501800e+00 3.2782650000e+00
517 5.1601000000e+00 2.1989675300e+00 4.0306360000e+00
518 5.1701000000e+00 2.1586611700e+00 3.6497250000e+00
519 5.1801000000e+00 2.1221639200e+00 4.0536670000e+00
520 5.1901000000e+00 2.0816272500e+00 2.9496710000e+00
521 5.2001000000e+00 2.0521305400e+00 3.6196380000e+00
522 5.2101000000e+00 2.0159341600e+00 3.6795640000e+00
523 5.2201000000e+00 1.9791385200e+00 2.5934750000e+00
524 5.2301000000e+00 1.9532037700e+00 3.3887550000e+00
525 5.2401000000e+00 1.9193162200e+00 3.5359260000e+00
526 5.2501000000e+00 1.8839569600e+00 3.3041240000e+00
527 5.2601000000e+00 1.8509157200e+00 3.4048020000e+00
528 5.2701000000e+00 1.8168677000e+00 3.1421430000e+00
529 5.2801000000e+00 1.7854462700e+00 3.1969350000e+00
530 5.2901000000e+00 1.7534769200e+00 3.1012940000e+00
531 5.3001000000e+00 1.7224639800e+00 3.2422200000e+00
532 5.3101000000e+00 1.6900417800e+00 3.6611250000e+00
533 5.3201000000e+00 1.6534305300e+00 3.2275590000e+00
534 5.3301000000e+00 1.6211549400e+00 3.1297530000e+00
535 5.3401000000e+00 1.5898574100e+00 2.7134110000e+00
536 5.3501000000e+00 1.5627233000e+00 3.4118340000e+00
537 5.3601000000e+00 1.5286049600e+00 3.2788980000e+00
538 5.3701000000e+00 1.4958159800e+00 2.6351950000e+00
539 5.3801000000e+00 1.4694640300e+00 2.7499970000e+00
540 5.3901000000e+00 1.4419640600e+00 3.0497450000e+00
541 5.4001000000e+00 1.4114666100e+00 3.3114590000e+00
542 5.4101000000e+00 1.3783520200e+00 3.2477090000e+00
543 5.4201000000e+00 1.3458749300e+00 2.9524160000e+00
544 5.4301000000e+00 1.3163507700e+00 2.9677780000e+00
545 5.4401000000e+00 1.2866729900e+00 2.9007580000e+00
546 5.4501000000e+00 1.2576654100e+00 2.7590010000e+00
547 5.4601000000e+00 1.2300754000e+00 3.2708230000e+00
548 5.4701000000e+00 1.1973671700e+00 2.5934030000e+00
549 5.4801000000e+00 1.1714331400e+00 2.5100170000e+00
550 5.4901000000e+00 1.1463329700e+00 3.2090520000e+00
551 5.5001000000e+00 1.1142424500e+00 2.7533657000e+00
552 5.5101000000e+00 1.0867087930e+00 2.8550473000e+00
553 5.5201000000e+00 1.0581583200e+00 2.7394690000e+00
554 5.5301000000e+00 1.0307636300e+00 2.6701863000e+00
555 5.5401000000e+00 1.0040617670e+00 2.5102946000e+00
556 5.5501000000e+00 9.7895882100e-01 2.7703292000e+00
557 5.5601000000e+00 9.5125552900e-01 2.9527592000e+00
558 5.5701000000e+00 9.2172793700e-01 2.3936325000e+00
559 5.5801000000e+00 8.9779161200e-01 2.7408578000e+00
560 5.5901000000e+00 8.7038303400e-01 2.7995623000e+00
561 5.6001000000e+00 8.4238741100e-01 2.3105479000e+00
562 5.6101000000e+00 8.1928193200e-01 2.8453672000e+00
563 5.6201000000e+00 7.9082826000e-01 2.5072934000e+00
564 5.6301000000e+00 7.6575532600e-01 2.2177283000e+00
565 5.6401000000e+00 7.4357804300e-01 2.3393017000e+00
566 5.6501000000e+00 7.2018502600e-01 3.1693607000e+00
567 5.6601000000e+00 6.8849141900e-01 1.3881394000e+00
568 5.6701000000e+00 6.7461002500e-01 2.8418650000e+00
569 5.6801000000e+00 6.4619137500e-01 2.5494900000e+00
570 5.6901000000e+00 6.2069647500e-01 2.1523162000e+00
571 5.7001000000e+00 5.9917331300e-01 2.5599083000e+00
572 5.7101000000e+00 5.7357423000e-01 2.5131088000e+00
573 5.7201000000e+00 5.4844314200e-01 2.1274325000e+00
574 5.7301000000e+00 5.2716881700e-01 2.0874434000e+00
575 5.7401000000e+00 5.0629438300e-01 2.4603298000e+00
576 5.7501000000e+00 4.8169108500e-01 2.7354088000e+00
577 5.7601000000e+00 4.5433699700e-01 1.9866359000e+00
578 5.7701000000e+00 4.3447063800e-01 1.8599406000e+00
579 5.7801000000e+00 4.1587123200e-01 2.7328975000e+00
580 5.7901000000e+00 3.8854225700e-01 2.2335465000e+00
581 5.8001000000e+00 3.6620679200e-01 1.9164333000e+00
582 5.8101000000e+00 3.4704245900e-01 2.3736638000e+00
583 5.8201000000e+00 3.2330582100e-01 2.1123732000e+00
584 5.8301000000e+00 3.0218208900e-01 1.9269863000e+00
585 5.8401000000e+00 2.8291222600e-01 2.2133721000e+00
586 5.8501000000e+00 2.6077850500e-01 1.9147408000e+00
587 5.8601000000e+00 2.4163109700e-01 2.3125359000e+00
588 5.8701000000e+00 2.1850573800e-01 2.0735554000e+00
589 5.8801000000e+00 1.9777018400e-01 2.4255118100e+00
590 5.8901000000e+00 1.7351506590e-01 1.6070587400e+00
591 5.9001000000e+00 1.5744447850e-01 1.7558163500e+00
592 5.9101000000e+00 1.3988631500e-01 2.3974846000e+00
593 5.9201000000e+00 1.1591146900e-01 2.1523077550e+00
594 5.9301000000e+00 9.4388391450e-02 1.8002875650e+00
595 5.9401000000e+00 7.6385515800e-02 1.7322415900e+00
596 5.9501000000e+00 5.9063099900e-02 2.3557757550e+00
597 5.9601000000e+00 3.5505342350e-02 1.7953476250e+00
598 5.9701000000e+00 1.7551866100e-02 1.4832756200e+00
599 5.9801000000e+00 2.7191099000e-03 2.0351981000e+00
600 5.9901000000e+00 -1.7632871100e-02 1.8214905130e+00
601 6.0001000000e+00 -3.5847776230e-02 2.0926813470e+00
602 6.0101000000e+00 -5.6774589700e-02 2.1672882950e+00
603 6.0201000000e+00 -7.8447472650e-02 1.7352242010e+00
604 6.0301000000e+00 -9.5799714660e-02 1.5985618840e+00
605 6.0401000000e+00 -1.1178533350e-01 1.6454653600e+00
606 6.0501000000e+00 -1.2823998710e-01 1.8737409100e+00
607 6.0601000000e+00 -1.4697739620e-01 1.8636740800e+00
608 6.0701000000e+00 -1.6561413700e-01 1.7095198000e+00
609 6.0801000000e+00 -1.8270933500e-01 1.8587957000e+00
610 6.0901000000e+00 -2.0129729200e-01 1.6667068500e+00
611 6.1001000000e+00 -2.1796436050e-01 1.5408580500e+00
612 6.1101000000e+00 -2.3337294100e-01 1.9208018000e+00
613 6.1201000000e+00 -2.5258095900e-01 2.1569421000e+00
614 6.1301000000e+00 -2.7415038000e-01 1.5168174000e+00
615 6.1401000000e+00 -2.8931855400e-01 1.4250557000e+00
616 6.1501000000e+00 -3.0356911100e-01 1.9575859000e+00
617 6.1601000000e+00 -3.2314497000e-01 1.1207824000e+00
618 6.1701000000e+00 -3.3435279400e-01 2.1132241000e+00
619 6.1801000000e+00 -3.5548503500e-01 1.4417908000e+00
620 6.1901000000e+00 -3.6990294300e-01 1.6187472000e+00
621 6.2001000000e+00 -3.8609041500e-01 1.5224897000e+00
622 6.2101000000e+00 -4.0131531200e-01 1.7445961000e+00
623 6.2201000000e+00 -4.1876127300e-01 1.3797807000e+00
624 6.2301000000e+00 -4.3255908000e-01 1.6539494000e+00
625 6.2401000000e+00 -4.4909857400e-01 1.3907529000e+00
626 6.2501000000e+00 -4.6300610300e-01 1.4697425000e+00
627 6.2601000000e+00 -4.7770352800e-01 1.5481787000e+00
628 6.2701000000e+00 -4.9318531500e-01 1.1765454000e+00
629 6.2801000000e+00 -5.0495076900e-01 1.4021659000e+00
630 6.2901000000e+00 -5.1897242800e-01 1.5494881000e+00
631 6.3001000000e+00 -5.3446730900e-01 1.3465207000e+00
632 6.3101000000e+00 -5.4793251600e-01 1.5620799000e+00
633 6.3201000000e+00 -5.6355331500e-01 1.3803827000e+00
634 6.3301000000e+00 -5.7735714200e-01 1.2630000000e+00
635 6.3401000000e+00 -5.8998714200e-01 1.6669856000e+00
636 6.3501000000e+00 -6.0665699800e-01 1.3375474000e+00
637 6.3601000000e+00 -6.2003247200e-01 8.1097840000e-01
638 6.3701000000e+00 -6.2814225600e-01 1.8727903000e+00
639 6.3801000000e+00 -6.4687015900e-01 1.1260797000e+00
640 6.3901000000e+00 -6.5813095600e-01 1.6220179000e+00
641 6.4001000000e+00 -6.7435113500e-01 9.8972590000e-01
642 6.4101000000e+00 -6.8424839400e-01 1.6055434000e+00
643 6.4201000000e+00 -7.0030382800e-01 1.1759723000e+00
644 6.4301000000e+00 -7.1206355100e-01 1.1470391000e+00
645 6.4401000000e+00 -7.2353394200e-01 1.1901563000e+00
646 6.4501000000e+00 -7.3543550500e-01 1.2024379000e+00
647 6.4601000000e+00 -7.4745988400e-01 1.3718423000e+00
648 6.4701000000e+00 -7.6117830700e-01 7.9270620000e-01
649 6.4801000000e+00 -7.6910536900e-01 1.1956819000e+00
650 6.4901000000e+00 -7.8106218800e-01 1.2170852000e+00
651 6.5001000000e+00 -7.9323304000e-01 1.1466499000e+00
652 6.5101000000e+00 -8.0469953900e-01 1.1519954000e+00
653 6.5201000000e+00 -8.1621949300e-01 1.1588305000e+00
654 6.5301000000e+00 -8.2780779800e-01 8.6345520000e-01
655 6.5401000000e+00 -8.3644235000e-01 1.1077648000e+00
656 6.5501000000e+00 -8.4751999800e-01 1.3402596000e+00
657 6.5601000000e+00 -8.6092259400e-01 1.0912142000e+00
658 6.5701000000e+00 -8.7183473600e-01 7.3655770000e-01
659 6.5801000000e+00 -8.7920031300e-01 1.0995910000e+00
660 6.5901000000e+00 -8.9019622300e-01 1.0396005000e+00
661 6.6001000000e+00 -9.0059222800e-01 8.6724880000e-01
662 6.6101000000e+00 -9.0926471600e-01 1.1007756000e+00
663 6.6201000000e+00 -9.2027247200e-01 8.6882390000e-01
664 6.6301000000e+00 -9.2896071100e-01 9.3890300000e-01
665 6.6401000000e+00 -9.3834974100e-01 1.1095926000e+00
666 6.6501000000e+00 -9.4944566700e-01 9.6617830000e-01
667 6.6601000000e+00 -9.5910745000e-01 1.2057280000e+00
668 6.6701000000e+00 -9.7116473000e-01 7.7412470000e-01
669 6.6801000000e+00 -9.7890597700e-01 6.7027700000e-01
670 6.6901000000e+00 -9.8560874700e-01 9.5157800000e-01
671 6.7001000000e+00 -9.9512452700e-01 1.2620856000e+00
672 6.7101000000e+00 -1.0077453830e+00 8.2107480000e-01
673 6.7201000000e+00 -1.0159561310e+00 4.8884920000e-01
674 6.7301000000e+00 -1.0208446230e+00 1.1295012000e+00
675 6.7401000000e+00 -1.0321396350e+00 6.7427150000e-01
676 6.7501000000e+00 -1.0388823500e+00 1.1063963000e+00
677 6.7601000000e+00 -1.0499463130e+00 4.5136570000e-01
678 6.7701000000e+00 -1.0544599700e+00 6.2842670000e-01
679 6.7801000000e+00 -1.0607442370e+00 8.0859200000e-01
680 6.7901000000e+00 -1.0688301570e+00 7.7151230000e-01
681 6.8001000000e+00 -1.0765452800e+00 6.6010700000e-01
682 6.8101000000e+00 -1.0831463500e+00 8.2804500000e-01
683 6.8201000000e+00 -1.0914268000e+00 8.4823200000e-01
684 6.8301000000e+00 -1.0999091200e+00 1.0316860000e+00
685 6.8401000000e+00 -1.1102259800e+00 4.4323600000e-01
686 6.8501000000e+00 -1.1146583400e+00 8.7737200000e-01
687 6.8601000000e+00 -1.1234320600e+00 6.5919000000e-01
688 6.8701000000e+00 -1.1300239600e+00 6.4745700000e-01
689 6.8801000000e+00 -1.1364985300e+00 8.5737600000e-01
690 6.8901000000e+00 -1.1450722900e+00 2.6249000000e-01
691 6.9001000000e+00 -1.1476971900e+00 1.0163310000e+00
692 6.9101000000e+00 -1.1578605000e+00 2.4992600000e-01
693 6.9201000000e+00 -1.1603597600e+00 5.6047700000e-01
694 6.9301000000e+00 -1.1659645300e+00 9.9694100000e-01
695 6.9401000000e+00 -1.1759339400e+00 1.4062600000e-01
696 6.9501000000e+00 -1.1773402000e+00 8.0846800000e-01
697 6.9601000000e+00 -1.1854248800e+00 5.5899300000e-01
698 6.9701000000e+00 -1.1910148100e+00 6.9025800000e-01
699 6.9801000000e+00 -1.1979173900e+00 2.7375400000e-01
700 6.9901000000e+00 -1.2006549300e+00 4.0915200000e-01
701 7.0001000000e+00 -1.2047464500e+00 1.0158150000e+00
702 7.0101000000e+00 -1.2149046000e+00 4.0412600000e-01
703 7.0201000000e+00 -1.2189458600e+00 4.4767200000e-01
704 7.0301000000e+00 -1.2234225800e+00 2.5948600000e-01
705 7.0401000000e+00 -1.2260174400e+00 4.8191500000e-01
706 7.0501000000e+00 -1.2308365900e+00 4.3490100000e-01
707 7.0601000000e+00 -1.2351856000e+00 1.1430600000e-01
708 7.0701000000e+00 -1.2363286600e+00 7.1518200000e-01
709 7.0801000000e+00 -1.2434804800e+00 5.8161700000e-01
710 7.0901000000e+00 -1.2492966500e+00 2.2069200000e-01
711 7.1001000000e+00 -1.2515035700e+00 3.7595300000e-01
712 7.1101000000e+00 -1.2552631000e+00 5.9353000000e-01
713 7.1201000000e+00 -1.2611984000e+00 3.1496000000e-01
714 7.1301000000e+00 -1.2643480000e+00 3.3240400000e-01
715 7.1401000000e+00 -1.2676720400e+00 7.6524000000e-02
716 7.1501000000e+00 -1.2684372800e+00 3.9257900000e-01
717 7.1601000000e+00 -1.2723630700e+00 2.0969000000e-01
718 7.1701000000e+00 -1.2744599700e+00 5.0592100000e-01
719 7.1801000000e+00 -1.2795191800e+00 6.8011000000e-02
720 7.1901000000e+00 -1.2801992900e+00 2.7011900000e-01
721 7.2001000000e+00 -1.2829004800e+00 2.6205200000e-01
722 7.2101000000e+00 -1.2855210000e+00 2.5710500000e-01
723 7.2201000000e+00 -1.2880920500e+00 2.9250900000e-01
724 7.2301000000e+00 -1.2910171400e+00 5.4552700000e-01
725 7.2401000000e+00 -1.2964724100e+00 -8.8455000000e-02
726 7.2501000000e+00 -1.2955878600e+00 1.7292600000e-01
727 7.2601000000e+00 -1.2973171200e+00 2.0710200000e-01
728 7.2701000000e+00 -1.2993881400e+00 3.0837000000e-01
729 7.2801000000e+00 -1.3024718400e+00 -3.1256600000e-01
730 7.2901000000e+00 -1.2993461800e+00 5.9992200000e-01
731 7.3001000000e+00 -1.3053454000e+00 -5.6160000000e-02
732 7.3101000000e+00 -1.3047838000e+00 1.3260900000e-01
733 7.3201000000e+00 -1.3061098900e+00 2.1552900000e-01
734 7.3301000000e+00 -1.3082651800e+00 -5.8810000000e-03
735 7.3401000000e+00 -1.3082063700e+00 3.0729800000e-01
736 7.3501000000e+00 -1.3112793500e+00 6.3090000000e-03
737 7.3601000000e+00 -1.3113424400e+00 -9.6872000000e-02
738 7.3701000000e+00 -1.3103737200e+00 2.6822100000e-01
739 7.3801000000e+00 -1.3130559300e+00 -1.5168400000e-01
740 7.3901000000e+00 -1.3115390900e+00 2.7030200000e-01
741 7.4001000000e+00 -1.3142421100e+00 -3.2458000000e-02
742 7.4101000000e+00 -1.3139175300e+00 -6.0459000000e-02
743 7.4201000000e+00 -1.3133129400e+00 -2.2461500000e-01
744 7.4301000000e+00 -1.3110667900e+00 1.5467900000e-01
745 7.4401000000e+00 -1.3126135800e+00 1.0387600000e-01
746 7.4501000000e+00 -1.3136523400e+00 -1.6693100000e-01
747 7.4601000000e+00 -1.3119830300e+00 4.3381000000e-02
748 7.4701000000e+00 -1.3124168400e+00 -1.4944600000e-01
749 7.4801000000e+00 -1.3109223800e+00 -1.5873800000e-01
750 7.4901000000e+00 -1.3093350000e+00 -5.1418000000e-02
751 7.5001000000e+00 -1.3088208200e+00 1.7320800000e-01
752 7.5101000000e+00 -1.3105529000e+00 -3.2602200000e-01
753 7.5201000000e+00 -1.3072926800e+00 9.0760000000e-02
754 7.5301000000e+00 -1.3082002800e+00 5.9026000000e-02
755 7.5401000000e+00 -1.3087905400e+00 -5.0216100000e-01
756 7.5501000000e+00 -1.3037689300e+00 -2.4055100000e-01
757 7.5601000000e+00 -1.3013634200e+00 -1.1295000000e-01
758 7.5701000000e+00 -1.3002339200e+00 -3.7022600000e-01
759 7.5801000000e+00 -1.2965316600e+00 1.5389300000e-01
760 7.5901000000e+00 -1.2980705900e+00 -4.4240100000e-01
761 7.6001000000e+00 -1.2936465800e+00 -8.9729000000e-02
762 7.6101000000e+00 -1.2927492900e+00 -2.3743400000e-01
763 7.6201000000e+00 -1.2903749500e+00 -2.1558700000e-01
764 7.6301000000e+00 -1.2882190800e+00 -1.6614800000e-01
765 7.6401000000e+00 -1.2865576000e+00 -2.6708000000e-01
766 7.6501000000e+00 -1.2838868000e+00 -2.5082000000e-02
767 7.6601000000e+00 -1.2836359800e+00 -3.6709400000e-01
768 7.6701000000e+00 -1.2799650400e+00 -4.1189300000e-01
769 7.6801000000e+00 -1.2758461100e+00 -3.1695400000e-01
770 7.6901000000e+00 -1.2726765700e+00 -6.7341000000e-02
771 7.7001000000e+00 -1.2720031600e+00 -5.9344800000e-01
772 7.7101000000e+00 -1.2660686800e+00 -1.7771200000e-01
773 7.7201000000e+00 -1.2642915600e+00 -2.7392000000e-02
774 7.7301000000e+00 -1.2640176400e+00 -5.3027000000e-01
775 7.7401000000e+00 -1.2587149400e+00 -3.5244100000e-01
776 7.7501000000e+00 -1.2551905300e+00 -5.8494000000e-01
777 7.7601000000e+00 -1.2493411300e+00 -6.1017000000e-02
778 7.7701000000e+00 -1.2487309600e+00 -5.7787700000e-01
779 7.7801000000e+00 -1.2429521900e+00 -4.3802100000e-01
780 7.7901000000e+00 -1.2385719800e+00 -2.9263500000e-01
781 7.8001000000e+00 -1.2356456300e+00 -7.0517100000e-01
782 7.8101000000e+00 -1.2285939200e+00 -2.3317200000e-01
783 7.8201000000e+00 -1.2262622000e+00 -4.2749600000e-01
784 7.8301000000e+00 -1.2219872400e+00 -2.9690200000e-01
785 7.8401000000e+00 -1.2190182200e+00 -6.5999200000e-01
786 7.8501000000e+00 -1.2124183000e+00 -6.1667200000e-01
787 7.8601000000e+00 -1.2062515800e+00 -1.8371300000e-01
788 7.8701000000e+00 -1.2044144500e+00 -6.0128900000e-01
789 7.8801000000e+00 -1.1984015600e+00 -2.2284100000e-01
790 7.8901000000e+00 -1.1961731500e+00 -5.6325500000e-01
791 7.9001000000e+00 -1.1905406000e+00 -5.5531300000e-01
792 7.9101000000e+00 -1.1849874700e+00 -7.0873000000e-01
793 7.9201000000e+00 -1.1779001700e+00 -4.5409600000e-01
794 7.9301000000e+00 -1.1733592100e+00 -3.2566600000e-01
795 7.9401000000e+00 -1.1701025500e+00 -5.1097700000e-01
796 7.9501000000e+00 -1.1649927800e+00 -4.7798400000e-01
797 7.9601000000e+00 -1.1602129400e+00 -6.7895800000e-01
798 7.9701000000e+00 -1.1534233600e+00 -1.5347100000e-01
799 7.9801000000e+00 -1.1518886500e+00 -8.3969900000e-01
800 7.9901000000e+00 -1.1434916600e+00 -3.2371200000e-01
801 8.0001000000e+00 -1.1402545400e+00 -8.6415700000e-01
802 8.0101000000e+00 -1.1316129700e+00 -1.5440400000e-01
803 8.0201000000e+00 -1.1300689300e+00 -7.3702700000e-01
804 8.0301000000e+00 -1.1226986600e+00 -4.7431500000e-01
805 8.0401000000e+00 -1.1179555100e+00 -2.4114400000e-01
806 8.0501000000e+00 -1.1155440700e+00 -5.2218900000e-01
807 8.0601000000e+00 -1.1103221800e+00 -6.1694100000e-01
808 8.0701000000e+00 -1.1041527700e+00 -5.8905900000e-01
809 8.0801000000e+00 -1.0982621800e+00 -5.3236700000e-01
810 8.0901000000e+00 -1.0929385100e+00 -5.0511700000e-01
811 8.1001000000e+00 -1.0878873400e+00 -9.2557200000e-01
812 8.1101000000e+00 -1.0786316200e+00 -3.4149500000e-01
813 8.1201000000e+00 -1.0752166700e+00 -9.4437100000e-01
814 8.1301000000e+00 -1.0657729600e+00 -1.1507100000e-01
815 8.1401000000e+00 -1.0646222500e+00 -7.5981000000e-01
816 8.1501000000e+00 -1.0570241500e+00 -3.5607500000e-01
817 8.1601000000e+00 -1.0534634000e+00 -7.1157900000e-01
818 8.1701000000e+00 -1.0463476100e+00 -6.1321100000e-01
819 8.1801000000e+00 -1.0402155000e+00 -2.7098100000e-01
820 8.1901000000e+00 -1.0375056900e+00 -7.6688000000e-01
821 8.2001000000e+00 -1.0298368900e+00 -4.1079800000e-01
822 8.2101000000e+00 -1.0257289100e+00 -6.8316140000e-01
823 8.2201000000e+00 -1.0188972960e+00 -6.2177160000e-01
824 8.2301000000e+00 -1.0126795800e+00 -3.1913500000e-01
825 8.2401000000e+00 -1.0094882300e+00 -7.1944000000e-01
826 8.2501000000e+00 -1.0022938300e+00 -5.3878800000e-01
827 8.2601000000e+00 -9.9690595000e-01 -2.3528670000e-01
828 8.2701000000e+00 -9.9455308300e-01 -6.4400560000e-01
829 8.2801000000e+00 -9.8811302700e-01 -5.6818720000e-01
830 8.2901000000e+00 -9.8243115500e-01 -4.7325920000e-01
831 8.3001000000e+00 -9.7769856300e-01 -4.7443820000e-01
832 8.3101000000e+00 -9.7295418100e-01 -4.5563380000e-01
833 8.3201000000e+00 -9.6839784300e-01 -7.5352500000e-01
834 8.3301000000e+00 -9.6086259300e-01 -3.0853880000e-01
835 8.3401000000e+00 -9.5777720500e-01 -4.9842610000e-01
836 8.3501000000e+00 -9.5279294400e-01 -5.7011560000e-01
837 8.3601000000e+00 -9.4709178800e-01 -5.6243050000e-01
838 8.3701000000e+00 -9.4146748300e-01 -2.4136090000e-01
839 8.3801000000e+00 -9.3905387400e-01 -7.0918550000e-01
840 8.3901000000e+00 -9.3196201900e-01 -4.7235800000e-01
841 8.4001000000e+00 -9.2723843900e-01 -2.0589900000e-01
842 8.4101000000e+00 -9.2517944900e-01 -6.5214170000e-01
843 8.4201000000e+00 -9.1865803200e-01 -4.7271540000e-01
844 8.4301000000e+00 -9.1393087800e-01 -9.7651600000e-02
845 8.4401000000e+00 -9.1295436200e-01 -9.4971290000e-01
846 8.4501000000e+00 -9.0345723300e-01 -2.0292590000e-01
847 8.4601000000e+00 -9.0142797400e-01 -4.5340950000e-01
848 8.4701000000e+00 -8.9689387900e-01 2.7372850000e-01
849 8.4801000000e+00 -8.9963116400e-01 -8.2727960000e-01
850 8.4901000000e+00 -8.9135836800e-01 -5.2135370000e-01
851 8.5001000000e+00 -8.8614483100e-01 -1.9994000000e-01
852 8.5101000000e+00 -8.8414543100e-01 -7.8926770000e-01
853 8.5201000000e+00 -8.7625275400e-01 -1.3464720000e-01
854 8.5301000000e+00 -8.7490628200e-01 -4.7590010000e-01
855 8.5401000000e+00 -8.7014728100e-01 -2.7828720000e-01
856 8.5501000000e+00 -8.6736440900e-01 -4.4433890000e-01
857 8.5601000000e+00 -8.6292102000e-01 -4.3810630000e-01
858 8.5701000000e+00 -8.5853995700e-01 -3.2070120000e-01
859 8.5801000000e+00 -8.5533294500e-01 -3.7436910000e-01
860 8.5901000000e+00 -8.5158925400e-01 -3.2031980000e-01
861 8.6001000000e+00 -8.4838605600e-01 -4.5968980000e-01
862 8.6101000000e+00 -8.4378915800e-01 -1.7448320000e-01
863 8.6201000000e+00 -8.4204432600e-01 -3.7528680000e-01
864 8.6301000000e+00 -8.3829145800e-01 -2.1725440000e-01
865 8.6401000000e+00 -8.3611891400e-01 -3.4059490000e-01
866 8.6501000000e+00 -8.3271296500e-01 -2.1478690000e-01
867 8.6601000000e+00 -8.3056509600e-01 -1.1924140000e-01
868 8.6701000000e+00 -8.2937268200e-01 -5.1402730000e-01
869 8.6801000000e+00 -8.2423240900e-01 -3.2541350000e-01
870 8.6901000000e+00 -8.2097827400e-01 -2.2413080000e-01
871 8.7001000000e+00 -8.1873696600e-01 -4.7718410000e-01
872 8.7101000000e+00 -8.1396512500e-01 -4.9841100000e-02
873 8.7201000000e+00 -8.1346671400e-01 -2.6627280000e-01
874 8.7301000000e+00 -8.1080398600e-01 -1.7730840000e-01
875 8.7401000000e+00 -8.0903090200e-01 -3.5659870000e-01
876 8.7501000000e+00 -8.0546491500e-01 -1.3941980000e-01
877 8.7601000000e+00 -8.0407071700e-01 -4.0636210000e-01
878 8.7701000000e+00 -8.0000709600e-01 2.0217410000e-01
879 8.7801000000e+00 -8.0202883700e-01 -5.1683210000e-01
880 8.7901000000e+00 -7.9686051600e-01 -1.1353910000e-01
881 8.8001000000e+00 -7.9572512500e-01 -2.8427280000e-01
882 8.8101000000e+00 -7.9288239700e-01 -2.8604470000e-01
883 8.8201000000e+00 -7.9002195000e-01 -1.4794840000e-01
884 8.8301000000e+00 -7.8854246600e-01 -1.2041930000e-01
885 8.8401000000e+00 -7.8733827300e-01 -4.2856360000e-01
886 8.8501000000e+00 -7.8305263700e-01 -1.3733310000e-01
887 8.8601000000e+00 -7.8167930600e-01 1.7585160000e-01
888 8.8701000000e+00 -7.8343782200e-01 -1.8445530000e-01
889 8.8801000000e+00 -7.8159326900e-01 -5.7268770000e-01
890 8.8901000000e+00 -7.7586639200e-01 8.5697000000e-03
891 8.9001000000e+00 -7.7595208900e-01 -5.9438100000e-02
892 8.9101000000e+00 -7.7535770800e-01 -1.6246300000e-01
893 8.9201000000e+00 -7.7373307800e-01 -1.4005740000e-01
894 8.9301000000e+00 -7.7233250400e-01 -8.5589500000e-02
895 8.9401000000e+00 -7.7147660900e-01 -3.3005860000e-01
896 8.9501000000e+00 -7.6817602300e-01 1.7470430000e-01
897 8.9601000000e+00 -7.6992306600e-01 -4.8399270000e-01
898 8.9701000000e+00 -7.6508313900e-01 5.1346600000e-02
899 8.9801000000e+00 -7.6559660500e-01 6.5410000000e-03
900 8.9901000000e+00 -7.6566201500e-01 -5.0900120000e-01
901 9.0001000000e+00 -7.6057200300e-01 3.0506800000e-02
902 9.0101000000e+00 -7.6087707100e-01 3.9896000000e-02
903 9.0201000000e+00 -7.6127603100e-01 -1.8353810000e-01
904 9.0301000000e+00 -7.5944065000e-01 -3.1611000000e-02
905 9.0401000000e+00 -7.5912454000e-01 -3.1527820000e-01
906 9.0501000000e+00 -7.5597175800e-01 -4.4286300000e-02
907 9.0601000000e+00 -7.5552889500e-01 -4.9301230000e-01
908 9.0701000000e+00 -7.5059877200e-01 2.4031130000e-01
909 9.0801000000e+00 -7.5300188500e-01 -1.0702860000e-01
910 9.0901000000e+00 -7.5193159900e-01 -6.7444300000e-02
911 9.1001000000e+00 -7.5125715600e-01 -2.4956580000e-01
912 9.1101000000e+00 -7.4876149800e-01 7.4321000000e-02
913 9.1201000000e+00 -7.4950470800e-01 -4.6982260000e-01
914 9.1301000000e+00 -7.4480648200e-01 2.0960720000e-01
915 9.1401000000e+00 -7.4690255400e-01 1.4508500000e-02
916 9.1501000000e+00 -7.4704763900e-01 -2.0570680000e-01
917 9.1601000000e+00 -7.4499057100e-01 -1.5749900000e-01
918 9.1701000000e+00 -7.4341558100e-01 -2.0753300000e-02
919 9.1801000000e+00 -7.4320804800e-01 -1.6878600000e-01
920 9.1901000000e+00 -7.4152018800e-01 2.5908900000e-02
921 9.2001000000e+00 -7.4177927700e-01 -8.8324700000e-02
922 9.2101000000e+00 -7.4089603000e-01 -5.8406200000e-02
923 9.2201000000e+00 -7.4031196800e-01 -1.8285280000e-01
924 9.2301000000e+00 -7.3848344000e-01 -8.5351400000e-02
925 9.2401000000e+00 -7.3762992600e-01 -1.8975200000e-02
926 9.2501000000e+00 -7.3744017400e-01 -3.2335300000e-02
927 9.2601000000e+00 -7.3711682100e-01 -1.6766380000e-01
928 9.2701000000e+00 -7.3544018300e-01 -1.5449430000e-01
929 9.2801000000e+00 -7.3389524000e-01 1.0035400000e-02
930 9.2901000000e+00 -7.3399559400e-01 9.9902000000e-03
931 9.3001000000e+00 -7.3409549600e-01 -7.5037500000e-02
932 9.3101000000e+00 -7.3334512100e-01 -2.7402630000e-01
933 9.3201000000e+00 -7.3060485800e-01 4.5574800000e-02
934 9.3301000000e+00 -7.3106060600e-01 -2.4850850000e-01
935 9.3401000000e+00 -7.2857552100e-01 -2.5041700000e-02
936 9.3501000000e+00 -7.2832510400e-01 -2.9578400000e-02
937 9.3601000000e+00 -7.2802932000e-01 -3.6015800000e-01
938 9.3701000000e+00 -7.2442774000e-01 3.3183200000e-02
939 9.3801000000e+00 -7.2475957200e-01 -1.4483070000e-01
940 9.3901000000e+00 -7.2331126500e-01 -2.5515790000e-01
941 9.4001000000e+00 -7.2075968600e-01 -7.0237500000e-02
942 9.4101000000e+00 -7.2005731100e-01 2.6231160000e-01
943 9.4201000000e+00 -7.2268042700e-01 -1.5587100000e-02
944 9.4301000000e+00 -7.2252455600e-01 -3.8294150000e-01
945 9.4401000000e+00 -7.1869514100e-01 5.2554970000e-01
946 9.4501000000e+00 -7.2395063800e-01 -7.4118250000e-01
947 9.4601000000e+00 -7.1653881300e-01 -8.3945600000e-02
948 9.4701000000e+00 -7.1569935700e-01 1.0175340000e-01
949 9.4801000000e+00 -7.1671689100e-01 -1.7560810000e-01
950 9.4901000000e+00 -7.1496081000e-01 -1.2266530000e-01
951 9.5001000000e+00 -7.1373415700e-01 -4.3315040000e-01
952 9.5101000000e+00 -7.0940265300e-01 -1.1776470000e-01
953 9.5201000000e+00 -7.0822500600e-01 -3.7044100000e-02
954 9.5301000000e+00 -7.0785456500e-01 5.5277800000e-02
955 9.5401000000e+00 -7.0840734300e-01 -1.8424400000e-02
956 9.5501000000e+00 -7.0822309900e-01 3.9788030000e-01
957 9.5601000000e+00 -7.1220190200e-01 -4.1689750000e-01
958 9.5701000000e+00 -7.0803292700e-01 -4.9302260000e-01
959 9.5801000000e+00 -7.0310270100e-01 3.6835100000e-02
960 9.5901000000e+00 -7.0347105200e-01 -1.6081990000e-01
961 9.6001000000e+00 -7.0186285300e-01 -1.8992000000e-01
962 9.6101000000e+00 -6.9996365300e-01 -1.0682580000e-01
963 9.6201000000e+00 -6.9889539500e-01 2.2005500000e-02
964 9.6301000000e+00 -6.9911545000e-01 -4.6227320000e-01
965 9.6401000000e+00 -6.9449271800e-01 -1.4332500000e-01
966 9.6501000000e+00 -6.9305946800e-01 -2.1223130000e-01
967 9.6601000000e+00 -6.9093715500e-01 -2.8023610000e-01
968 9.6701000000e+00 -6.8813479400e-01 2.0747440000e-01
969 9.6801000000e+00 -6.9020953800e-01 -5.7912050000e-01
970 9.6901000000e+00 -6.8441833300e-01 4.4101790000e-01
971 9.7001000000e+00 -6.8882851200e-01 -4.5443070000e-01
972 9.7101000000e+00 -6.8428420500e-01 -1.9533930000e-01
973 9.7201000000e+00 -6.8233081200e-01 -4.6035100000e-02
974 9.7301000000e+00 -6.8187046100e-01 -2.8326290000e-01
975 9.7401000000e+00 -6.7903783200e-01 6.5737500000e-02
976 9.7501000000e+00 -6.7969520700e-01 -3.0513090000e-01
977 9.7601000000e+00 -6.7664389800e-01 -1.5378790000e-01
978 9.7701000000e+00 -6.7510601900e-01 4.9806600000e-02
979 9.7801000000e+00 -6.7560408500e-01 -4.1441700000e-01
980 9.7901000000e+00 -6.7145991500e-01 3.4849000000e-02
981 9.8001000000e+00 -6.7180840500e-01 -2.4620930000e-01
982 9.8101000000e+00 -6.6934631200e-01 1.4745580000e-01
983 9.8201000000e+00 -6.7082087000e-01 -7.5495600000e-01
984 9.8301000000e+00 -6.6327131000e-01 1.6513600000e-01
985 9.8401000000e+00 -6.6492267000e-01 -3.5287700000e-01
986 9.8501000000e+00 -6.6139390000e-01 -2.5230980000e-01
987 9.8601000000e+00 -6.5887080200e-01 -8.1818800000e-02
988 9.8701000000e+00 -6.5805261400e-01 -1.3510370000e-01
989 9.8801000000e+00 -6.5670157700e-01 -1.3730470000e-01
990 9.8901000000e+00 -6.5532853000e-01 -3.2163150000e-01
991 9.9001000000e+00 -6.5211221500e-01 -2.5177310000e-01
992 9.9101000000e+00 -6.4959448400e-01 -2.3562770000e-01
993 9.9201000000e+00 -6.4723820700e-01 -1.4101710000e-01
994 9.9301000000e+00 -6.4582803600e-01 -2.4814690000e-01
995 9.9401000000e+00 -6.4334656700e-01 1.2321180000e-01
996 9.9501000000e+00 -6.4457868500e-01 -4.7832240000e-01
997 9.9601000000e+00 -6.3979546100e-01 -3.3075240000e-01
998 9.9701000000e+00 -6.3648793700e-01 -4.4065400000e-02
999 9.9801000000e+00 -6.3604728300e-01 -3.4097500000e-02
1000 9.9901000000e+00 -6.3570630800e-01 -4.1181950000e-01
1001 1.0000100000e+01 -6.3158811300e-01 -3.8799200000e-01
1002 1.0010100000e+01 -6.2770819300e-01 4.7161000000e-03
1003 1.0020100000e+01 -6.2775535400e-01 -3.8770990000e-01
1004 1.0030100000e+01 -6.2387825500e-01 -5.0125200000e-02
1005 1.0040100000e+01 -6.2337700300e-01 -4.9765560000e-01
1006 1.0050100000e+01 -6.1840044700e-01 -2.1385580000e-01
1007 1.0060100000e+01 -6.1626188900e-01 -3.3544670000e-01
1008 1.0070100000e+01 -6.1290742200e-01 -3.8270600000e-02
1009 1.0080100000e+01 -6.1252471600e-01 -3.6816620000e-01
1010 1.0090100000e+01 -6.0884305400e-01 -2.3089270000e-01
1011 1.0100100000e+01 -6.0653412700e-01 -3.0991550000e-01
1012 1.0110100000e+01 -6.0343497200e-01 4.9315500000e-02
1013 1.0120100000e+01 -6.0392812700e-01 -4.7845920000e-01
1014 1.0130100000e+01 -5.9914353500e-01 1.6411360000e-01
1015 1.0140100000e+01 -6.0078467100e-01 -4.6313430000e-01
1016 1.0150100000e+01 -5.9615332800e-01 -2.0221060000e-01
1017 1.0160100000e+01 -5.9413122200e-01 -1.1817480000e-01
1018 1.0170100000e+01 -5.9294947400e-01 -5.5246060000e-01
1019 1.0180100000e+01 -5.8742486800e-01 -3.3167320000e-01
1020 1.0190100000e+01 -5.8410813600e-01 -2.5528910000e-01
1021 1.0200100000e+01 -5.8155524500e-01 -3.0026660000e-01
1022 1.0210100000e+01 -5.7855257900e-01 -4.7840320000e-01
1023 1.0220100000e+01 -5.7376854700e-01 -2.3327190000e-01
1024 1.0230100000e+01 -5.7143582800e-01 -3.0250700000e-02
1025 1.0240100000e+01 -5.7113332100e-01 -3.7471240000e-01
1026 1.0250100000e+01 -5.6738619700e-01 -1.4632790000e-01
1027 1.0260100000e+01 -5.6592291800e-01 -1.7109080000e-01
1028 1.0270100000e+01 -5.6421201000e-01 -4.0852580000e-01
1029 1.0280100000e+01 -5.6012675200e-01 -4.8060580000e-01
1030 1.0290100000e+01 -5.5532069400e-01 1.6972920000e-01
1031 1.0300100000e+01 -5.5701798600e-01 -5.4105020000e-01
1032 1.0310100000e+01 -5.5160748400e-01 -1.3792530000e-01
1033 1.0320100000e+01 -5.5022823100e-01 -3.6924950000e-01
1034 1.0330100000e+01 -5.4653573600e-01 -4.0120860000e-01
1035 1.0340100000e+01 -5.4252365000e-01 -5.3087300000e-02
1036 1.0350100000e+01 -5.4199277700e-01 -2.6491910000e-01
1037 1.0360100000e+01 -5.3934358600e-01 -4.3667900000e-01
1038 1.0370100000e+01 -5.3497679600e-01 -4.2866000000e-01
1039 1.0380100000e+01 -5.3069019600e-01 -3.0004830000e-01
1040 1.0390100000e+01 -5.2768971300e-01 -2.2236710000e-01
1041 1.0400100000e+01 -5.2546604200e-01 -6.4294630000e-01
1042 1.0410100000e+01 -5.1903657900e-01 5.6343500000e-02
1043 1.0420100000e+01 -5.1960001400e-01 -6.3982400000e-02
1044 1.0430100000e+01 -5.1896019000e-01 -2.6493610000e-01
1045 1.0440100000e+01 -5.1631082900e-01 -2.7188780000e-01
1046 1.0450100000e+01 -5.1359195100e-01 -6.0716220000e-01
1047 1.0460100000e+01 -5.0752032900e-01 -1.7361360000e-01
1048 1.0470100000e+01 -5.0578419300e-01 -2.8595490000e-01
1049 1.0480100000e+01 -5.0292464400e-01 -3.1853400000e-01
1050 1.0490100000e+01 -4.9973930400e-01 -1.5829600000e-01
1051 1.0500100000e+01 -4.9815634400e-01 -3.9953180000e-01
1052 1.0510100000e+01 -4.9416102600e-01 -2.9700610000e-01
1053 1.0520100000e+01 -4.9119096500e-01 -5.8126080000e-01
1054 1.0530100000e+01 -4.8537835700e-01 2.5311020000e-01
1055 1.0540100000e+01 -4.8790945900e-01 -4.0444240000e-01
1056 1.0550100000e+01 -4.8386503500e-01 -2.6196920000e-01
1057 1.0560100000e+01 -4.8124534300e-01 -4.1374400000e-01
1058 1.0570100000e+01 -4.7710790300e-01 -6.9463770000e-01
1059 1.0580100000e+01 -4.7016152600e-01 -1.4977680000e-01
1060 1.0590100000e+01 -4.6866375800e-01 -3.9538730000e-01
1061 1.0600100000e+01 -4.6470988500e-01 -1.6517190000e-01
1062 1.0610100000e+01 -4.6305816600e-01 -1.7630640000e-01
1063 1.0620100000e+01 -4.6129510200e-01 -3.0307790000e-01
1064 1.0630100000e+01 -4.5826432300e-01 -5.3821350000e-01
1065 1.0640100000e+01 -4.5288218800e-01 3.9642000000e-03
1066 1.0650100000e+01 -4.5292183000e-01 -7.0271970000e-01
1067 1.0660100000e+01 -4.4589463300e-01 -3.2868900000e-01
1068 1.0670100000e+01 -4.4260774300e-01 2.9433000000e-03
1069 1.0680100000e+01 -4.4263717600e-01 -4.6516750000e-01
1070 1.0690100000e+01 -4.3798550100e-01 -4.1989160000e-01
1071 1.0700100000e+01 -4.3378658500e-01 -9.5783600000e-02
1072 1.0710100000e+01 -4.3282874900e-01 -5.6196310000e-01
1073 1.0720100000e+01 -4.2720911800e-01 -5.2855690000e-01
1074 1.0730100000e+01 -4.2192354900e-01 2.2437700000e-02
1075 1.0740100000e+01 -4.2214792600e-01 -4.8370880000e-01
1076 1.0750100000e+01 -4.1731083800e-01 -3.3609590000e-01
1077 1.0760100000e+01 -4.1394987900e-01 -2.6319520000e-01
1078 1.0770100000e+01 -4.1131792700e-01 -3.1547580000e-01
1079 1.0780100000e+01 -4.0816316900e-01 -2.3924520000e-01
1080 1.0790100000e+01 -4.0577071700e-01 -2.1391250000e-01
1081 1.0800100000e+01 -4.0363159200e-01 -5.6831990000e-01
1082 1.0810100000e+01 -3.9794839300e-01 -4.7170910000e-01
1083 1.0820100000e+01 -3.9323130200e-01 -1.0398780000e-01
1084 1.0830100000e+01 -3.9219142400e-01 -3.7010050000e-01
1085 1.0840100000e+01 -3.8849041900e-01 -3.8497230000e-01
1086 1.0850100000e+01 -3.8464069600e-01 -2.4635570000e-01
1087 1.0860100000e+01 -3.8217713900e-01 -5.3884510000e-01
1088 1.0870100000e+01 -3.7678868800e-01 -8.3402100000e-02
1089 1.0880100000e+01 -3.7595466700e-01 -4.5115940000e-01
1090 1.0890100000e+01 -3.7144307300e-01 -1.5537700000e-01
1091 1.0900100000e+01 -3.6988930300e-01 -5.1045910000e-01
1092 1.0910100000e+01 -3.6478471200e-01 -1.8365650000e-01
1093 1.0920100000e+01 -3.6294814700e-01 -3.2092400000e-01
1094 1.0930100000e+01 -3.5973890700e-01 -2.1282790000e-01
1095 1.0940100000e+01 -3.5761062800e-01 -4.1855830000e-01
1096 1.0950100000e+01 -3.5342504500e-01 -3.4548780000e-01
1097 1.0960100000e+01 -3.4997016700e-01 -1.7889220000e-01
1098 1.0970100000e+01 -3.4818124500e-01 -2.8709820000e-01
1099 1.0980100000e+01 -3.4531026300e-01 -4.2459340000e-01
1100 1.0990100000e+01 -3.4106432900e-01 -2.8952080000e-01
1101 1.1000100000e+01 -3.3816912100e-01 -5.6295890000e-01
1102 1.1010100000e+01 -3.3253953200e-01 -2.6356960000e-01
1103 1.1020100000e+01 -3.2990383600e-01 -4.1100370000e-01
1104 1.1030100000e+01 -3.2579379900e-01 -2.6814870000e-01
1105 1.1040100000e+01 -3.2311231200e-01 -3.4828530000e-01
1106 1.1050100000e+01 -3.1962945900e-01 -2.2346060000e-01
1107 1.1060100000e+01 -3.1739485300e-01 -3.0204490000e-01
1108 1.1070100000e+01 -3.1437440400e-01 -3.3751890000e-01
1109 1.1080100000e+01 -3.1099921500e-01 -4.1553170000e-01
1110 1.1090100000e+01 -3.0684389800e-01 -1.6409240000e-01
1111 1.1100100000e+01 -3.0520297400e-01 -3.2369160000e-01
1112 1.1110100000e+01 -3.0196605800e-01 -3.0143240000e-01
1113 1.1120100000e+01 -2.9895173400e-01 -4.1437210000e-01
1114 1.1130100000e+01 -2.9480801300e-01 -2.1481650000e-01
1115 1.1140100000e+01 -2.9265984800e-01 -4.6543240000e-01
1116 1.1150100000e+01 -2.8800552400e-01 -3.1439080000e-01
1117 1.1160100000e+01 -2.8486161600e-01 -4.3254930000e-01
1118 1.1170100000e+01 -2.8053612300e-01 -5.1985600000e-02
1119 1.1180100000e+01 -2.8001626700e-01 -2.6447140000e-01
1120 1.1190100000e+01 -2.7737155300e-01 -2.9625550000e-01
1121 1.1200100000e+01 -2.7440899800e-01 -4.7379190000e-01
1122 1.1210100000e+01 -2.6967107900e-01 -1.0827640000e-01
1123 1.1220100000e+01 -2.6858831500e-01 -4.0630530000e-01
1124 1.1230100000e+01 -2.6452526200e-01 -6.9413650000e-01
1125 1.1240100000e+01 -2.5758389700e-01 -1.3977580000e-01
1126 1.1250100000e+01 -2.5618613900e-01 -2.1925030000e-01
1127 1.1260100000e+01 -2.5399363600e-01 -4.9763800000e-02
1128 1.1270100000e+01 -2.5349599800e-01 -4.7923080000e-01
1129 1.1280100000e+01 -2.4870369000e-01 -1.6124320000e-01
1130 1.1290100000e+01 -2.4709125800e-01 -6.2303140000e-01
1131 1.1300100000e+01 -2.4086094400e-01 7.1411300000e-02
1132 1.1310100000e+01 -2.4157505700e-01 -5.7670410000e-01
1133 1.1320100000e+01 -2.3580801600e-01 -3.3531910000e-01
1134 1.1330100000e+01 -2.3245482500e-01 -1.4871930000e-01
1135 1.1340100000e+01 -2.3096763200e-01 -3.1485780000e-01
1136 1.1350100000e+01 -2.2781905400e-01 -3.2783520000e-01
1137 1.1360100000e+01 -2.2454070200e-01 -2.3685780000e-01
1138 1.1370100000e+01 -2.2217212400e-01 -2.1935080000e-01
1139 1.1380100000e+01 -2.1997861600e-01 -6.0032260000e-01
1140 1.1390100000e+01 -2.1397539000e-01 -8.7720400000e-02
1141 1.1400100000e+01 -2.1309818600e-01 -1.6637160000e-01
1142 1.1410100000e+01 -2.1143447000e-01 -3.4825830000e-01
1143 1.1420100000e+01 -2.0795188700e-01 -2.7893830000e-01
1144 1.1430100000e+01 -2.0516250400e-01 -3.7438680000e-01
1145 1.1440100000e+01 -2.0141863600e-01 -4.6293560000e-01
1146 1.1450100000e+01 -1.9678928000e-01 -1.6840550000e-01
1147 1.1460100000e+01 -1.9510522500e-01 -1.0418340000e-01
1148 1.1470100000e+01 -1.9406339100e-01 -4.2015700000e-01
1149 1.1480100000e+01 -1.8986182100e-01 -4.7855460000e-01
1150 1.1490100000e+01 -1.8507627500e-01 -2.3722340000e-01
1151 1.1500100000e+01 -1.8270404100e-01 9.7622000000e-03
1152 1.1510100000e+01 -1.8280166300e-01 -7.3490390000e-01
1153 1.1520100000e+01 -1.7545262400e-01 5.4168500000e-02
1154 1.1530100000e+01 -1.7599430900e-01 -4.3140160000e-01
1155 1.1540100000e+01 -1.7168029300e-01 -2.9506470000e-01
1156 1.1550100000e+01 -1.6872964600e-01 -4.7724820000e-01
1157 1.1560100000e+01 -1.6395716400e-01 -6.8876000000e-03
1158 1.1570100000e+01 -1.6388828800e-01 -3.6855980000e-01
1159 1.1580100000e+01 -1.6020269000e-01 -2.3834770000e-01
1160 1.1590100000e+01 -1.5781921300e-01 -4.9083070000e-01
1161 1.1600100000e+01 -1.5291090600e-01 -2.2957540000e-01
1162 1.1610100000e+01 -1.5061515200e-01 6.0342300000e-02
1163 1.1620100000e+01 -1.5121857500e-01 -3.5098140000e-01
1164 1.1630100000e+01 -1.4770876100e-01 -4.4554180000e-01
1165 1.1640100000e+01 -1.4325334300e-01 -6.0939750000e-02
1166 1.1650100000e+01 -1.4264394550e-01 -4.2823459000e-01
1167 1.1660100000e+01 -1.3836159960e-01 -1.7706381000e-01
1168 1.1670100000e+01 -1.3659096150e-01 -5.6073511000e-01
1169 1.1680100000e+01 -1.3098361040e-01 -2.6166790000e-02
1170 1.1690100000e+01 -1.3072194250e-01 -4.9404916000e-01
1171 1.1700100000e+01 -1.2578145090e-01 -2.9065909000e-01
1172 1.1710100000e+01 -1.2287486000e-01 2.4480340000e-01
1173 1.1720100000e+01 -1.2532289400e-01 -4.5918040000e-01
1174 1.1730100000e+01 -1.2073109000e-01 -2.5031540000e-01
1175 1.1740100000e+01 -1.1822793600e-01 -1.8791816000e-01
1176 1.1750100000e+01 -1.1634875440e-01 -2.5598134000e-01
1177 1.1760100000e+01 -1.1378894100e-01 -3.1449906000e-01
1178 1.1770100000e+01 -1.1064395040e-01 -1.1438384000e-01
1179 1.1780100000e+01 -1.0950011200e-01 -5.7504020000e-01
1180 1.1790100000e+01 -1.0374971000e-01 -1.0869440000e-01
1181 1.1800100000e+01 -1.0266276600e-01 -2.0300082000e-01
1182 1.1810100000e+01 -1.0063275780e-01 -4.4168212000e-01
1183 1.1820100000e+01 -9.6215936600e-02 -8.5541750000e-02
1184 1.1830100000e+01 -9.5360519100e-02 -2.7191676000e-01
1185 1.1840100000e+01 -9.2641351500e-02 1.4605300000e-02
1186 1.1850100000e+01 -9.2787404500e-02 -4.9045143000e-01
1187 1.1860100000e+01 -8.7882890200e-02 -2.3832576000e-01
1188 1.1870100000e+01 -8.5499632600e-02 -2.9851281000e-01
1189 1.1880100000e+01 -8.2514504500e-02 1.6637707000e-01
1190 1.1890100000e+01 -8.4178275200e-02 -5.1737432000e-01
1191 1.1900100000e+01 -7.9004532000e-02 -4.8022322000e-01
1192 1.1910100000e+01 -7.4202299800e-02 1.1522125000e-01
1193 1.1920100000e+01 -7.5354512300e-02 -2.7565821000e-01
1194 1.1930100000e+01 -7.2597930200e-02 -8.4085380000e-02
1195 1.1940100000e+01 -7.1757076400e-02 -3.4881088000e-01
1196 1.1950100000e+01 -6.8268967600e-02 -3.2706575000e-01
1197 1.1960100000e+01 -6.4998310100e-02 -1.8808877000e-01
1198 1.1970100000e+01 -6.3117422400e-02 -1.3066958000e-01
1199 1.1980100000e+01 -6.1810726600e-02 -3.9026281000e-01
1200 1.1990100000e+01 -5.7908098500e-02 -1.8789471000e-01
1201 1.2000100000e+01 -5.6029151400e-02 -9.5877690000e-02
1202 1.2010100000e+01 -5.5070374500e-02 -1.3406077000e-01
1203 1.2020100000e+01 -5.3729766800e-02 -3.8122909000e-01
1204 1.2030100000e+01 -4.9917475900e-02 -3.2095681000e-01
1205 1.2040100000e+01 -4.6707907800e-02 -2.2099343000e-01
1206 1.2050100000e+01 -4.4497973500e-02 -3.4679771000e-01
1207 1.2060100000e+01 -4.1029996400e-02 -7.2603070000e-02
1208 1.2070100000e+01 -4.0303965700e-02 -2.0129290000e-01
1209 1.2080100000e+01 -3.8291036700e-02 -1.0439109000e-01
1210 1.2090100000e+01 -3.7247125800e-02 -8.8684250000e-02
1211 1.2100100000e+01 -3.6360283300e-02 -3.4340262500e-01
1212 1.2110100000e+01 -3.2926257050e-02 -2.2497446500e-01
1213 1.2120100000e+01 -3.0676512400e-02 -1.8286342000e-01
1214 1.2130100000e+01 -2.8847878200e-02 -2.9139078000e-01
1215 1.2140100000e+01 -2.5933970400e-02 -1.6396186000e-01
1216 1.2150100000e+01 -2.4294351800e-02 1.2318804000e-01
1217 1.2160100000e+01 -2.5526232200e-02 -5.1092744700e-01
1218 1.2170100000e+01 -2.0416957730e-02 -2.8755735000e-02
1219 1.2180100000e+01 -2.0129400380e-02 -2.8793885700e-01
1220 1.2190100000e+01 -1.7250011810e-02 -1.5776932300e-01
1221 1.2200100000e+01 -1.5672318580e-02 3.0662129000e-02
1222 1.2210100000e+01 -1.5978939870e-02 -1.0996388000e-01
1223 1.2220100000e+01 -1.4879301070e-02 -3.7720760370e-01
1224 1.2230100000e+01 -1.1107225033e-02 -3.1842484454e-01
1225 1.2240100000e+01 -7.9229765876e-03 -1.1477390101e-01
1226 1.2250100000e+01 -6.7752375775e-03 -9.4158927500e-03
1227 1.2260100000e+01 -6.6810786500e-03 -2.5658287430e-01
1228 1.2270100000e+01 -4.1152499070e-03 -3.7361015700e-02
1229 1.2280100000e+01 -3.7416397500e-03 -5.0177439500e-01
1230 1.2290100000e+01 1.2761042000e-03 -1.1150627200e-01
1231 1.2300100000e+01 2.3911669200e-03 -2.0349556800e-01
1232 1.2310100000e+01 4.4261226000e-03 4.9161180000e-02
1233 1.2320100000e+01 3.9345108000e-03 1.8164068000e-02
1234 1.2330100000e+01 3.7528701200e-03 -3.0526482400e-01
1235 1.2340100000e+01 6.8055183600e-03 -2.0459440970e-01
1236 1.2350100000e+01 8.8514624570e-03 -1.5269498230e-01
1237 1.2360100000e+01 1.0378412280e-02 -7.7423525400e-02
1238 1.2370100000e+01 1.1152647534e-02 -3.4367747730e-01
1239 1.2380100000e+01 1.4589422307e-02 -1.7201891850e-01
1240 1.2390100000e+01 1.6309611492e-02 -2.7723660896e-01
1241 1.2400100000e+01 1.9081977582e-02 -7.8694681840e-02
1242 1.2410100000e+01 1.9868924400e-02 -2.2713236000e-01
1243 1.2420100000e+01 2.2140248000e-02 -5.7149670000e-03
1244 1.2430100000e+01 2.2197397670e-02 -1.6001203800e-01
1245 1.2440100000e+01 2.3797518050e-02 1.2543730500e-01
1246 1.2450100000e+01 2.2543145000e-02 -2.2159412000e-01
1247 1.2460100000e+01 2.4759086200e-02 -3.0249380400e-01
1248 1.2470100000e+01 2.7784024240e-02 5.2636134000e-02
1249 1.2480100000e+01 2.7257662900e-02 5.4968585000e-02
1250 1.2490100000e+01 2.6707977050e-02 -4.3128887000e-01
1251 1.2500100000e+01 3.1020865750e-02 -2.0262716500e-01
1252 1.2510100000e+01 3.3047137400e-02 -1.0132168000e-01
1253 1.2520100000e+01 3.4060354200e-02 1.2311680000e-02
1254 1.2530100000e+01 3.3937237400e-02 -3.3866719000e-01
1255 1.2540100000e+01 3.7323909300e-02 -1.7096224000e-01
1256 1.2550100000e+01 3.9033531700e-02 -1.1387228000e-01
1257 1.2560100000e+01 4.0172254500e-02 -2.4407650000e-02
1258 1.2570100000e+01 4.0416331000e-02 -2.7515900000e-01
1259 1.2580100000e+01 4.3167921000e-02 1.5941992000e-01
1260 1.2590100000e+01 4.1573721800e-02 -2.9793011000e-01
1261 1.2600100000e+01 4.4553022900e-02 -3.6193760000e-02
1262 1.2610100000e+01 4.4914960500e-02 -2.9063896000e-01
1263 1.2620100000e+01 4.7821350100e-02 -1.7019856000e-01
1264 1.2630100000e+01 4.9523335700e-02 7.7197490000e-02
1265 1.2640100000e+01 4.8751360800e-02 -4.0745165000e-01
1266 1.2650100000e+01 5.2825877300e-02 3.3636871000e-01
1267 1.2660100000e+01 4.9462190200e-02 -3.0223584000e-01
1268 1.2670100000e+01 5.2484548600e-02 -1.9711124000e-01
1269 1.2680100000e+01 5.4455661000e-02 -1.0233365000e-01
1270 1.2690100000e+01 5.5478997500e-02 4.2535320000e-02
1271 1.2700100000e+01 5.5053644300e-02 -3.2105450000e-02
1272 1.2710100000e+01 5.5374698800e-02 -2.0642232000e-01
1273 1.2720100000e+01 5.7438922000e-02 -7.1172100000e-02
1274 1.2730100000e+01 5.8150643000e-02 -6.8138500000e-02
1275 1.2740100000e+01 5.8832028000e-02 -3.5053610000e-02
1276 1.2750100000e+01 5.9182564100e-02 -1.5662411000e-01
1277 1.2760100000e+01 6.0748805200e-02 1.0204380000e-02
1278 1.2770100000e+01 6.0646761400e-02 -9.7367210000e-02
1279 1.2780100000e+01 6.1620433500e-02 -3.5450392000e-01
1280 1.2790100000e+01 6.5165472700e-02 8.6786280000e-02
1281 1.2800100000e+01 6.4297609900e-02 -9.1921430000e-02
1282 1.2810100000e+01 6.5216824200e-02 -1.8287167000e-01
1283 1.2820100000e+01 6.7045540900e-02 -3.0096000000e-04
1284 1.2830100000e+01 6.7048550500e-02 1.7538360000e-02
1285 1.2840100000e+01 6.6873166900e-02 -1.7691350000e-01
1286 1.2850100000e+01 6.8642301900e-02 2.1575633000e-01
1287 1.2860100000e+01 6.6484738600e-02 -2.3795360000e-01
1288 1.2870100000e+01 6.8864274600e-02 -1.4076774000e-01
1289 1.2880100000e+01 7.0271952000e-02 -1.0024490000e-01
1290 1.2890100000e+01 7.1274401000e-02 2.8362090000e-02
1291 1.2900100000e+01 7.0990780100e-02 -3.0202139000e-01
1292 1.2910100000e+01 7.4010994000e-02 7.2641700000e-02
1293 1.2920100000e+01 7.3284577000e-02 -1.5106880000e-02
1294 1.2930100000e+01 7.3435645800e-02 -1.0701415000e-01
1295 1.2940100000e+01 7.4505787300e-02 1.4155100000e-02
1296 1.2950100000e+01 7.4364236300e-02 -2.7514180000e-02
1297 1.2960100000e+01 7.4639378100e-02 -1.1280764000e-01
1298 1.2970100000e+01 7.5767454500e-02 4.5999800000e-02
1299 1.2980100000e+01 7.5307456500e-02 -5.4708530000e-02
1300 1.2990100000e+01 7.5854541800e-02 -9.2983720000e-02
1301 1.3000100000e+01 7.6784379000e-02 -1.1881010000e-01
1302 1.3010100000e+01 7.7972480000e-02 4.7011740000e-02
1303 1.3020100000e+01 7.7502362600e-02 -1.9385052000e-01
1304 1.3030100000e+01 7.9440867800e-02 -8.7209350000e-02
1305 1.3040100000e+01 8.0312961300e-02 4.5474047000e-01
1306 1.3050100000e+01 7.5765556600e-02 -3.1576286000e-01
1307 1.3060100000e+01 7.8923185200e-02 1.1234429000e-01
1308 1.3070100000e+01 7.7799742300e-02 -3.4463551000e-01
1309 1.3080100000e+01 8.1246097400e-02 5.1138540000e-02
1310 1.3090100000e+01 8.0734712000e-02 -2.3411500000e-02
1311 1.3100100000e+01 8.0968827000e-02 1.5002946000e-01
1312 1.3110100000e+01 7.9468532400e-02 -2.6343956000e-01
1313 1.3120100000e+01 8.2102928000e-02 2.2955306000e-01
1314 1.3130100000e+01 7.9807397400e-02 -3.3789293000e-01
1315 1.3140100000e+01 8.3186326700e-02 1.1045301000e-01
1316 1.3150100000e+01 8.2081796600e-02 -1.5275164000e-01
1317 1.3160100000e+01 8.3609313000e-02 9.3831660000e-02
1318 1.3170100000e+01 8.2670996400e-02 7.4584700000e-02
1319 1.3180100000e+01 8.1925149400e-02 1.3711068000e-01
1320 1.3190100000e+01 8.0554042600e-02 -2.9040306000e-01
1321 1.3200100000e+01 8.3458073200e-02 4.4027620000e-02
1322 1.3210100000e+01 8.3017797000e-02 -1.1146524000e-01
1323 1.3220100000e+01 8.4132449400e-02 1.9284917000e-01
1324 1.3230100000e+01 8.2203957700e-02 7.6561130000e-02
1325 1.3240100000e+01 8.1438346400e-02 -1.8216827000e-01
1326 1.3250100000e+01 8.3260029100e-02 -8.6399970000e-02
1327 1.3260100000e+01 8.4124028800e-02 -4.6251280000e-02
1328 1.3270100000e+01 8.4586541600e-02 1.0166466000e-01
1329 1.3280100000e+01 8.3569895000e-02 1.1547753000e-01
1330 1.3290100000e+01 8.2415119700e-02 8.2721870000e-02
1331 1.3300100000e+01 8.1587901000e-02 1.0763200000e-02
1332 1.3310100000e+01 8.1480269000e-02 -3.5313659000e-01
1333 1.3320100000e+01 8.5011634900e-02 7.7191830000e-02
1334 1.3330100000e+01 8.4239716600e-02 5.3615370000e-02
1335 1.3340100000e+01 8.3703562900e-02 1.4588769000e-01
1336 1.3350100000e+01 8.2244686000e-02 -9.9229350000e-02
1337 1.3360100000e+01 8.3236979500e-02 4.7162850000e-02
1338 1.3370100000e+01 8.2765351000e-02 3.1947258000e-01
1339 1.3380100000e+01 7.9570625200e-02 -1.3175969000e-01
1340 1.3390100000e+01 8.0888222100e-02 -3.7128529000e-01
1341 1.3400100000e+01 8.4601075000e-02 4.9278066000e-01
1342 1.3410100000e+01 7.9673268400e-02 -1.2819688000e-01
1343 1.3420100000e+01 8.0955237200e-02 -1.9162593000e-01
1344 1.3430100000e+01 8.2871496500e-02 1.2530820000e-01
1345 1.3440100000e+01 8.1618414500e-02 -8.4956110000e-02
1346 1.3450100000e+01 8.2467975600e-02 2.5071155000e-01
1347 1.3460100000e+01 7.9960860100e-02 -1.1385595000e-01
1348 1.3470100000e+01 8.1099419600e-02 1.6550684000e-01
1349 1.3480100000e+01 7.9444351200e-02 -2.6268342000e-01
1350 1.3490100000e+01 8.2071185400e-02 1.4661369000e-01
1351 1.3500100000e+01 8.0605048500e-02 -1.7976580000e-02
1352 1.3510100000e+01 8.0784814300e-02 3.3970473000e-01
1353 1.3520100000e+01 7.7387767000e-02 -1.7573458000e-01
1354 1.3530100000e+01 7.9145112800e-02 2.8146767000e-01
1355 1.3540100000e+01 7.6330436100e-02 4.5325070000e-02
1356 1.3550100000e+01 7.5877185400e-02 -3.0153491000e-01
1357 1.3560100000e+01 7.8892534500e-02 1.4726140000e-01
1358 1.3570100000e+01 7.7419920500e-02 8.3909900000e-03
1359 1.3580100000e+01 7.7336010600e-02 8.2593710000e-02
1360 1.3590100000e+01 7.6510073500e-02 4.5459790000e-02
1361 1.3600100000e+01 7.6055475600e-02 4.6723800000e-02
1362 1.3610100000e+01 7.5588237600e-02 6.9984110000e-02
1363 1.3620100000e+01 7.4888396500e-02 -8.3559560000e-02
1364 1.3630100000e+01 7.5723992100e-02 2.7827465000e-01
1365 1.3640100000e+01 7.2941245600e-02 -3.2003404000e-01
1366 1.3650100000e+01 7.6141586000e-02 1.8399375000e-01
1367 1.3660100000e+01 7.4301648500e-02 1.3466427000e-01
1368 1.3670100000e+01 7.2955005800e-02 1.2116634000e-01
1369 1.3680100000e+01 7.1743342400e-02 9.2761500000e-02
1370 1.3690100000e+01 7.0815727400e-02 4.8666640000e-02
1371 1.3700100000e+01 7.0329061000e-02 1.0193795000e-01
1372 1.3710100000e+01 6.9309681500e-02 -2.8401420000e-02
1373 1.3720100000e+01 6.9593695700e-02 2.0255470000e-02
1374 1.3730100000e+01 6.9391141000e-02 -3.2320250000e-02
1375 1.3740100000e+01 6.9714343500e-02 7.4491350000e-02
1376 1.3750100000e+01 6.8969430000e-02 1.9050543000e-01
1377 1.3760100000e+01 6.7064375700e-02 -1.7162062000e-01
1378 1.3770100000e+01 6.8780581900e-02 1.6538437000e-01
1379 1.3780100000e+01 6.7126738200e-02 -1.5463063000e-01
1380 1.3790100000e+01 6.8673044500e-02 2.4029105000e-01
1381 1.3800100000e+01 6.6270134000e-02 -2.1701870000e-02
1382 1.3810100000e+01 6.6487152700e-02 7.1771370000e-02
1383 1.3820100000e+01 6.5769439000e-02 2.3481359000e-01
1384 1.3830100000e+01 6.3421303100e-02 7.9838000000e-02
1385 1.3840100000e+01 6.2622923100e-02 4.0266270000e-02
1386 1.3850100000e+01 6.2220260400e-02 3.3587700000e-02
1387 1.3860100000e+01 6.1884383400e-02 -1.3992161000e-01
1388 1.3870100000e+01 6.3283599500e-02 -1.8898800000e-03
1389 1.3880100000e+01 6.3302498300e-02 3.2399973000e-01
1390 1.3890100000e+01 6.0062501000e-02 -1.2473340000e-02
1391 1.3900100000e+01 6.0187234400e-02 -6.0781170000e-02
1392 1.3910100000e+01 6.0795046100e-02 9.5710380000e-02
1393 1.3920100000e+01 5.9837942300e-02 1.1389980000e-02
1394 1.3930100000e+01 5.9724042500e-02 2.6276847000e-01
1395 1.3940100000e+01 5.7096357800e-02 1.1268310000e-02
1396 1.3950100000e+01 5.6983674700e-02 6.2463940000e-02
1397 1.3960100000e+01 5.6359035300e-02 -5.7130740000e-02
1398 1.3970100000e+01 5.6930342700e-02 -2.6627360000e-02
1399 1.3980100000e+01 5.7196616300e-02 1.3787442000e-01
1400 1.3990100000e+01 5.5817872100e-02 3.0056738000e-01
1401 1.4000100000e+01 5.2812198300e-02 -1.1790794000e-01
1402 1.4010100000e+01 5.3991277700e-02 1.5237514000e-01
1403 1.4020100000e+01 5.2467526300e-02 2.1798362000e-01
1404 1.4030100000e+01 5.0287690100e-02 1.5872895000e-01
1405 1.4040100000e+01 4.8700400600e-02 -1.4859998000e-01
1406 1.4050100000e+01 5.0186400400e-02 1.6680921000e-01
1407 1.4060100000e+01 4.8518308300e-02 -2.8373650000e-02
1408 1.4070100000e+01 4.8802044800e-02 2.2942709000e-01
1409 1.4080100000e+01 4.6507773900e-02 2.2016500000e-03
1410 1.4090100000e+01 4.6485757400e-02 -5.3227690000e-02
1411 1.4100100000e+01 4.7018034300e-02 1.8458701000e-01
1412 1.4110100000e+01 4.5172164200e-02 1.7870689000e-01
1413 1.4120100000e+01 4.3385095300e-02 8.2579810000e-02
1414 1.4130100000e+01 4.2559297200e-02 -3.2278667000e-01
1415 1.4140100000e+01 4.5787163900e-02 1.4309032000e-01
1416 1.4150100000e+01 4.4356260700e-02 2.4973697000e-01
1417 1.4160100000e+01 4.1858891000e-02 -4.2847220000e-02
1418 1.4170100000e+01 4.2287363200e-02 2.2472242000e-01
1419 1.4180100000e+01 4.0040139000e-02 -2.5173260000e-02
1420 1.4190100000e+01 4.0291871600e-02 1.2354466000e-01
1421 1.4200100000e+01 3.9056425000e-02 1.3548811000e-01
1422 1.4210100000e+01 3.7701543900e-02 -6.7002050000e-02
1423 1.4220100000e+01 3.8371564400e-02 5.5455050000e-02
1424 1.4230100000e+01 3.7817013900e-02 6.8034750000e-02
1425 1.4240100000e+01 3.7136666400e-02 1.2126940000e-01
1426 1.4250100000e+01 3.5923972400e-02 -1.7354827000e-01
1427 1.4260100000e+01 3.7659455100e-02 1.3127505000e-01
1428 1.4270100000e+01 3.6346704600e-02 2.2591321000e-01
1429 1.4280100000e+01 3.4087572500e-02 -4.3396350000e-02
1430 1.4290100000e+01 3.4521536000e-02 5.6568360000e-02
1431 1.4300100000e+01 3.3955852400e-02 -3.9932000000e-03
1432 1.4310100000e+01 3.3995784400e-02 1.6354911000e-01
1433 1.4320100000e+01 3.2360293300e-02 2.5301065000e-01
1434 1.4330100000e+01 2.9830186800e-02 -3.1962380000e-02
1435 1.4340100000e+01 3.0149810600e-02 1.2908219000e-01
1436 1.4350100000e+01 2.8858988700e-02 5.7493560000e-02
1437 1.4360100000e+01 2.8284053100e-02 6.6071120000e-02
1438 1.4370100000e+01 2.7623341900e-02 3.1812840000e-02
1439 1.4380100000e+01 2.7305213500e-02 1.2610458000e-01
1440 1.4390100000e+01 2.6044167700e-02 4.4116360000e-02
1441 1.4400100000e+01 2.5603004100e-02 -1.6082756000e-01
1442 1.4410100000e+01 2.7211279700e-02 7.2692140000e-02
1443 1.4420100000e+01 2.6484358300e-02 1.3661518000e-01
1444 1.4430100000e+01 2.5118206500e-02 -5.1614190000e-02
1445 1.4440100000e+01 2.5634348400e-02 3.8808215000e-01
1446 1.4450100000e+01 2.1753526900e-02 -4.1417796000e-01
1447 1.4460100000e+01 2.5895306500e-02 3.5191769000e-01
1448 1.4470100000e+01 2.2376129600e-02 3.1298300000e-03
1449 1.4480100000e+01 2.2344831300e-02 -1.0819775000e-01
1450 1.4490100000e+01 2.3426808800e-02 1.3314607000e-01
1451 1.4500100000e+01 2.2095348100e-02 7.5559620000e-02
1452 1.4510100000e+01 2.1339751900e-02 -1.2618550000e-02
1453 1.4520100000e+01 2.1465937400e-02 -7.4564300000e-02
1454 1.4530100000e+01 2.2211580400e-02 6.4997770000e-02
1455 1.4540100000e+01 2.1561602700e-02 2.2190697000e-01
1456 1.4550100000e+01 1.9342533000e-02 1.8474190000e-01
1457 1.4560100000e+01 1.7495114000e-02 -1.1925453500e-01
1458 1.4570100000e+01 1.8687659350e-02 2.0997390000e-02
1459 1.4580100000e+01 1.8477685450e-02 3.5865275000e-02
1460 1.4590100000e+01 1.8119032700e-02 1.5888065000e-01
1461 1.4600100000e+01 1.6530226200e-02 -1.6079322000e-01
1462 1.4610100000e+01 1.8138158400e-02 2.5544940000e-01
1463 1.4620100000e+01 1.5583664400e-02 9.4596370000e-02
1464 1.4630100000e+01 1.4637700700e-02 -7.0260390000e-02
1465 1.4640100000e+01 1.5340304600e-02 4.9526005000e-02
1466 1.4650100000e+01 1.4845044550e-02 8.9182570000e-02
1467 1.4660100000e+01 1.3953218850e-02 6.7540867000e-02
1468 1.4670100000e+01 1.3277810180e-02 -8.2238757000e-02
1469 1.4680100000e+01 1.4100197750e-02 2.1497947500e-01
1470 1.4690100000e+01 1.1950403000e-02 -1.1005667500e-01
1471 1.4700100000e+01 1.3050969750e-02 2.2147426500e-01
1472 1.4710100000e+01 1.0836227100e-02 -1.4711778000e-01
1473 1.4720100000e+01 1.2307404900e-02 -5.5047255000e-02
1474 1.4730100000e+01 1.2857877450e-02 4.1415923000e-02
1475 1.4740100000e+01 1.2443718220e-02 1.5166526200e-01
1476 1.4750100000e+01 1.0927065600e-02 9.4694593000e-02
1477 1.4760100000e+01 9.9801196700e-03 -8.2901448000e-02
1478 1.4770100000e+01 1.0809134150e-02 1.5680316000e-01
1479 1.4780100000e+01 9.2411025500e-03 -8.2373585000e-02
1480 1.4790100000e+01 1.0064838400e-02 1.5527104800e-01
1481 1.4800100000e+01 8.5121279200e-03 -1.9450537200e-01
1482 1.4810100000e+01 1.0457181640e-02 1.2261093600e-01
1483 1.4820100000e+01 9.2310722800e-03 1.0373364700e-01
1484 1.4830100000e+01 8.1937358100e-03 3.7743183950e-01
1485 1.4840100000e+01 4.4194174150e-03 -1.7313414050e-01
1486 1.4850100000e+01 6.1507588200e-03 -6.2119244000e-02
1487 1.4860100000e+01 6.7719512600e-03 -8.3986010000e-02
1488 1.4870100000e+01 7.6118113600e-03 3.6130805000e-02
1489 1.4880100000e+01 7.2505033100e-03 -7.6818900000e-02
1490 1.4890100000e+01 8.0186923100e-03 1.9805279100e-01
1491 1.4900100000e+01 6.0381644000e-03 1.7777591300e-02
1492 1.4910100000e+01 5.8603884870e-03 4.3884734700e-02
1493 1.4920100000e+01 5.4215411400e-03 8.6322260000e-02
1494 1.4930100000e+01 4.5583185400e-03 4.4685579000e-02
1495 1.4940100000e+01 4.1114627500e-03 -2.1719240100e-01
1496 1.4950100000e+01 6.2833867600e-03 7.9968887000e-02
1497 1.4960100000e+01 5.4836978900e-03 2.7321061460e-01
1498 1.4970100000e+01 2.7515917440e-03 -6.2947089000e-02
1499 1.4980100000e+01 3.3810626340e-03 -1.1947283260e-01
1500 1.4990100000e+01 4.5757909600e-03 7.5515241000e-02
1501 1.5000100000e+01 3.8206385500e-03 -9.2006049000e-02
1502 1.5010100000e+01 4.7406990400e-03 1.4487278516e-01
1503 1.5020100000e+01 3.2919711884e-03 -3.7092631516e-01
1504 1.5030100000e+01 7.0012343400e-03 4.7594638080e-01
1505 1.5040100000e+01 2.2417705320e-03 -3.5555244500e-02
1506 1.5050100000e+01 2.5973229770e-03 -1.3610475390e-01
1507 1.5060100000e+01 3.9583705160e-03 9.1886004600e-02
1508 1.5070100000e+01 3.0395104700e-03 1.6315705000e-01
1509 1.5080100000e+01 1.4079399700e-03 6.0623114700e-02
1510 1.5090100000e+01 8.0170882300e-04 -3.4392528500e-02
1511 1.5100100000e+01 1.1456341080e-03 7.8536334980e-02
1512 1.5110100000e+01 3.6027075820e-04 -2.2515900618e-01
1513 1.5120100000e+01 2.6118608200e-03 4.3405088000e-02
1514 1.5130100000e+01 2.1778099400e-03 -2.1964846000e-03
1515 1.5140100000e+01 2.1997747860e-03 2.3677000834e-01
1516 1.5150100000e+01 -1.6792529740e-04 -1.1644104394e-01
1517 1.5160100000e+01 9.9648514200e-04 -9.8707099000e-03
1518 1.5170100000e+01 1.0951922410e-03 -3.2712746300e-02
1519 1.5180100000e+01 1.4223197040e-03 1.0197490475e-01
1520 1.5190100000e+01 4.0257065650e-04 -1.0030222095e-01
1521 1.5200100000e+01 1.4055928660e-03 1.5813864450e-01
1522 1.5210100000e+01 -1.7579357900e-04 -7.1644891370e-02
1523 1.5220100000e+01 5.4065533470e-04 -3.3261886930e-02
1524 1.5230100000e+01 8.7327420400e-04 -8.9741216000e-03
1525 1.5240100000e+01 9.6301542000e-04 9.3376895800e-02
1526 1.5250100000e+01 2.9246462000e-05 1.0473171020e-01
1527 1.5260100000e+01 -1.0180706400e-03 -2.0021428229e-01
1528 1.5270100000e+01 9.8407218290e-04 -2.1272372740e-02
1529 1.5280100000e+01 1.1967959103e-03 -1.0393520167e-01
1530 1.5290100000e+01 2.2361479270e-03 3.2211758820e-01
1531 1.5300100000e+01 -9.8502795500e-04 -1.5540182110e-01
1532 1.5310100000e+01 5.6899025600e-04 4.7807358800e-02
1533 1.5320100000e+01 9.0916668000e-05 4.0381551800e-02
1534 1.5330100000e+01 -3.1289885000e-04 2.2813133640e-01
1535 1.5340100000e+01 -2.5942122140e-03 2.9658442480e-02
1536 1.5350100000e+01 -2.8907966388e-03 -2.2827548578e-01
1537 1.5360100000e+01 -6.0804178100e-04 8.6778310600e-02
1538 1.5370100000e+01 -1.4758248870e-03 -1.0780719670e-01
1539 1.5380100000e+01 -3.9775292000e-04 -8.5506814600e-02
1540 1.5390100000e+01 4.5731522600e-04 1.2733542060e-01
1541 1.5400100000e+01 -8.1603898000e-04 -1.0949625980e-01
1542 1.5410100000e+01 2.7892361800e-04 1.1055876600e-02
1543 1.5420100000e+01 1.6836485200e-04 -7.5127836900e-02
1544 1.5430100000e+01 9.1964322100e-04 1.6664078000e-03
1545 1.5440100000e+01 9.0297914300e-04 -1.9348224200e-02
1546 1.5450100000e+01 1.0964613850e-03 2.4366157220e-01
1547 1.5460100000e+01 -1.3401543370e-03 -8.7765407100e-02
1548 1.5470100000e+01 -4.6250026600e-04 8.1778636700e-02
1549 1.5480100000e+01 -1.2802866330e-03 -1.8363178250e-01
1550 1.5490100000e+01 5.5603119200e-04 -0.0000000000e+00
