VOTCA
N 1550 R 0.000100 15.500000

1 1.0000000002e-04 3.0567234043e+03 1.0000000000e+03
2 1.0100000000e-02 3.0467234043e+03 1.0000000000e+03
3 2.0100000000e-02 3.0367234043e+03 1.0000000000e+03
4 3.0100000000e-02 3.0267234043e+03 1.0000000000e+03
5 4.0100000000e-02 3.0167234043e+03 1.0000000000e+03
6 5.0100000000e-02 3.0067234043e+03 1.0000000000e+03
7 6.0100000000e-02 2.9967234043e+03 1.0000000000e+03
8 7.0100000000e-02 2.9867234043e+03 1.0000000000e+03
9 8.0100000000e-02 2.9767234043e+03 1.0000000000e+03
10 9.0100000000e-02 2.9667234043e+03 1.0000000000e+03
11 1.0010000000e-01 2.9567234043e+03 1.0000000000e+03
12 1.1010000000e-01 2.9467234043e+03 1.0000000000e+03
13 1.2010000000e-01 2.9367234043e+03 1.0000000000e+03
14 1.3010000000e-01 2.9267234043e+03 1.0000000000e+03
15 1.4010000000e-01 2.9167234043e+03 1.0000000000e+03
16 1.5010000000e-01 2.9067234043e+03 1.0000000000e+03
17 1.6010000000e-01 2.8967234043e+03 1.0000000000e+03
18 1.7010000000e-01 2.8867234043e+03 1.0000000000e+03
19 1.8010000000e-01 2.8767234043e+03 1.0000000000e+03
20 1.9010000000e-01 2.8667234043e+03 1.0000000000e+03
21 2.0010000000e-01 2.8567234043e+03 1.0000000000e+03
22 2.1010000000e-01 2.8467234043e+03 1.0000000000e+03
23 2.2010000000e-01 2.8367234043e+03 1.0000000000e+03
24 2.3010000000e-01 2.8267234043e+03 1.0000000000e+03
25 2.4010000000e-01 2.8167234043e+03 1.0000000000e+03
26 2.5010000000e-01 2.8067234043e+03 1.0000000000e+03
27 2.6010000000e-01 2.7967234043e+03 1.0000000000e+03
28 2.7010000000e-01 2.7867234043e+03 1.0000000000e+03
29 2.8010000000e-01 2.7767234043e+03 1.0000000000e+03
30 2.9010000000e-01 2.7667234043e+03 1.0000000000e+03
31 3.0010000000e-01 2.7567234043e+03 1.0000000000e+03
32 3.1010000000e-01 2.7467234043e+03 1.0000000000e+03
33 3.2010000000e-01 2.7367234043e+03 1.0000000000e+03
34 3.3010000000e-01 2.7267234043e+03 1.0000000000e+03
35 3.4010000000e-01 2.7167234043e+03 1.0000000000e+03
36 3.5010000000e-01 2.7067234043e+03 1.0000000000e+03
37 3.6010000000e-01 2.6967234043e+03 1.0000000000e+03
38 3.7010000000e-01 2.6867234043e+03 1.0000000000e+03
39 3.8010000000e-01 2.6767234043e+03 1.0000000000e+03
40 3.9010000000e-01 2.6667234043e+03 1.0000000000e+03
41 4.0010000000e-01 2.6567234043e+03 1.0000000000e+03
42 4.1010000000e-01 2.6467234043e+03 1.0000000000e+03
43 4.2010000000e-01 2.6367234043e+03 1.0000000000e+03
44 4.3010000000e-01 2.6267234043e+03 1.0000000000e+03
45 4.4010000000e-01 2.6167234043e+03 1.0000000000e+03
46 4.5010000000e-01 2.6067234043e+03 1.0000000000e+03
47 4.6010000000e-01 2.5967234043e+03 1.0000000000e+03
48 4.7010000000e-01 2.5867234043e+03 1.0000000000e+03
49 4.8010000000e-01 2.5767234043e+03 1.0000000000e+03
50 4.9010000000e-01 2.5667234043e+03 1.0000000000e+03
51 5.0010000000e-01 2.5567234043e+03 1.0000000000e+03
52 5.1010000000e-01 2.5467234043e+03 1.0000000000e+03
53 5.2010000000e-01 2.5367234043e+03 1.0000000000e+03
54 5.3010000000e-01 2.5267234043e+03 1.0000000000e+03
55 5.4010000000e-01 2.5167234043e+03 1.0000000000e+03
56 5.5010000000e-01 2.5067234043e+03 1.0000000000e+03
57 5.6010000000e-01 2.4967234043e+03 1.0000000000e+03
58 5.7010000000e-01 2.4867234043e+03 1.0000000000e+03
59 5.8010000000e-01 2.4767234043e+03 1.0000000000e+03
60 5.9010000000e-01 2.4667234043e+03 1.0000000000e+03
61 6.0010000000e-01 2.4567234043e+03 1.0000000000e+03
62 6.1010000000e-01 2.4467234043e+03 1.0000000000e+03
63 6.2010000000e-01 2.4367234043e+03 1.0000000000e+03
64 6.3010000000e-01 2.4267234043e+03 1.0000000000e+03
65 6.4010000000e-01 2.4167234043e+03 1.0000000000e+03
66 6.5010000000e-01 2.4067234043e+03 1.0000000000e+03
67 6.6010000000e-01 2.3967234043e+03 1.0000000000e+03
68 6.7010000000e-01 2.3867234043e+03 1.0000000000e+03
69 6.8010000000e-01 2.3767234043e+03 1.0000000000e+03
70 6.9010000000e-01 2.3667234043e+03 1.0000000000e+03
71 7.0010000000e-01 2.3567234043e+03 1.0000000000e+03
72 7.1010000000e-01 2.3467234043e+03 1.0000000000e+03
73 7.2010000000e-01 2.3367234043e+03 1.0000000000e+03
74 7.3010000000e-01 2.3267234043e+03 1.0000000000e+03
75 7.4010000000e-01 2.3167234043e+03 1.0000000000e+03
76 7.5010000000e-01 2.3067234043e+03 1.0000000000e+03
77 7.6010000000e-01 2.2967234043e+03 1.0000000000e+03
78 7.7010000000e-01 2.2867234043e+03 1.0000000000e+03
79 7.8010000000e-01 2.2767234043e+03 1.0000000000e+03
80 7.9010000000e-01 2.2667234043e+03 1.0000000000e+03
81 8.0010000000e-01 2.2567234043e+03 1.0000000000e+03
82 8.1010000000e-01 2.2467234043e+03 1.0000000000e+03
83 8.2010000000e-01 2.2367234043e+03 1.0000000000e+03
84 8.3010000000e-01 2.2267234043e+03 1.0000000000e+03
85 8.4010000000e-01 2.2167234043e+03 1.0000000000e+03
86 8.5010000000e-01 2.2067234043e+03 1.0000000000e+03
87 8.6010000000e-01 2.1967234043e+03 1.0000000000e+03
88 8.7010000000e-01 2.1867234043e+03 1.0000000000e+03
89 8.8010000000e-01 2.1767234043e+03 1.0000000000e+03
90 8.9010000000e-01 2.1667234043e+03 1.0000000000e+03
91 9.0010000000e-01 2.1567234043e+03 1.0000000000e+03
92 9.1010000000e-01 2.1467234043e+03 1.0000000000e+03
93 9.2010000000e-01 2.1367234043e+03 1.0000000000e+03
94 9.3010000000e-01 2.1267234043e+03 1.0000000000e+03
95 9.4010000000e-01 2.1167234043e+03 1.0000000000e+03
96 9.5010000000e-01 2.1067234043e+03 1.0000000000e+03
97 9.6010000000e-01 2.0967234043e+03 1.0000000000e+03
98 9.7010000000e-01 2.0867234043e+03 1.0000000000e+03
99 9.8010000000e-01 2.0767234043e+03 1.0000000000e+03
100 9.9010000000e-01 2.0667234043e+03 1.0000000000e+03
101 1.0001000000e+00 2.0567234043e+03 1.0000000000e+03
102 1.0101000000e+00 2.0467234043e+03 1.0000000000e+03
103 1.0201000000e+00 2.0367234043e+03 1.0000000000e+03
104 1.0301000000e+00 2.0267234043e+03 1.0000000000e+03
105 1.0401000000e+00 2.0167234043e+03 1.0000000000e+03
106 1.0501000000e+00 2.0067234043e+03 1.0000000000e+03
107 1.0601000000e+00 1.9967234043e+03 1.0000000000e+03
108 1.0701000000e+00 1.9867234043e+03 1.0000000000e+03
109 1.0801000000e+00 1.9767234043e+03 1.0000000000e+03
110 1.0901000000e+00 1.9667234043e+03 1.0000000000e+03
111 1.1001000000e+00 1.9567234043e+03 1.0000000000e+03
112 1.1101000000e+00 1.9467234043e+03 1.0000000000e+03
113 1.1201000000e+00 1.9367234043e+03 1.0000000000e+03
114 1.1301000000e+00 1.9267234043e+03 1.0000000000e+03
115 1.1401000000e+00 1.9167234043e+03 1.0000000000e+03
116 1.1501000000e+00 1.9067234043e+03 1.0000000000e+03
117 1.1601000000e+00 1.8967234043e+03 1.0000000000e+03
118 1.1701000000e+00 1.8867234043e+03 1.0000000000e+03
119 1.1801000000e+00 1.8767234043e+03 1.0000000000e+03
120 1.1901000000e+00 1.8667234043e+03 1.0000000000e+03
121 1.2001000000e+00 1.8567234043e+03 1.0000000000e+03
122 1.2101000000e+00 1.8467234043e+03 1.0000000000e+03
123 1.2201000000e+00 1.8367234043e+03 1.0000000000e+03
124 1.2301000000e+00 1.8267234043e+03 1.0000000000e+03
125 1.2401000000e+00 1.8167234043e+03 1.0000000000e+03
126 1.2501000000e+00 1.8067234043e+03 1.0000000000e+03
127 1.2601000000e+00 1.7967234043e+03 1.0000000000e+03
128 1.2701000000e+00 1.7867234043e+03 1.0000000000e+03
129 1.2801000000e+00 1.7767234043e+03 1.0000000000e+03
130 1.2901000000e+00 1.7667234043e+03 1.0000000000e+03
131 1.3001000000e+00 1.7567234043e+03 1.0000000000e+03
132 1.3101000000e+00 1.7467234043e+03 1.0000000000e+03
133 1.3201000000e+00 1.7367234043e+03 1.0000000000e+03
134 1.3301000000e+00 1.7267234043e+03 1.0000000000e+03
135 1.3401000000e+00 1.7167234043e+03 1.0000000000e+03
136 1.3501000000e+00 1.7067234043e+03 1.0000000000e+03
137 1.3601000000e+00 1.6967234043e+03 1.0000000000e+03
138 1.3701000000e+00 1.6867234043e+03 1.0000000000e+03
139 1.3801000000e+00 1.6767234043e+03 1.0000000000e+03
140 1.3901000000e+00 1.6667234043e+03 1.0000000000e+03
141 1.4001000000e+00 1.6567234043e+03 1.0000000000e+03
142 1.4101000000e+00 1.6467234043e+03 1.0000000000e+03
143 1.4201000000e+00 1.6367234043e+03 1.0000000000e+03
144 1.4301000000e+00 1.6267234043e+03 1.0000000000e+03
145 1.4401000000e+00 1.6167234043e+03 1.0000000000e+03
146 1.4501000000e+00 1.6067234043e+03 1.0000000000e+03
147 1.4601000000e+00 1.5967234043e+03 1.0000000000e+03
148 1.4701000000e+00 1.5867234043e+03 1.0000000000e+03
149 1.4801000000e+00 1.5767234043e+03 1.0000000000e+03
150 1.4901000000e+00 1.5667234043e+03 1.0000000000e+03
151 1.5001000000e+00 1.5567234043e+03 1.0000000000e+03
152 1.5101000000e+00 1.5467234043e+03 1.0000000000e+03
153 1.5201000000e+00 1.5367234043e+03 1.0000000000e+03
154 1.5301000000e+00 1.5267234043e+03 1.0000000000e+03
155 1.5401000000e+00 1.5167234043e+03 1.0000000000e+03
156 1.5501000000e+00 1.5067234043e+03 1.0000000000e+03
157 1.5601000000e+00 1.4967234043e+03 1.0000000000e+03
158 1.5701000000e+00 1.4867234043e+03 1.0000000000e+03
159 1.5801000000e+00 1.4767234043e+03 1.0000000000e+03
160 1.5901000000e+00 1.4667234043e+03 1.0000000000e+03
161 1.6001000000e+00 1.4567234043e+03 1.0000000000e+03
162 1.6101000000e+00 1.4467234043e+03 1.0000000000e+03
163 1.6201000000e+00 1.4367234043e+03 1.0000000000e+03
164 1.6301000000e+00 1.4267234043e+03 1.0000000000e+03
165 1.6401000000e+00 1.4167234043e+03 1.0000000000e+03
166 1.6501000000e+00 1.4067234043e+03 1.0000000000e+03
167 1.6601000000e+00 1.3967234043e+03 1.0000000000e+03
168 1.6701000000e+00 1.3867234043e+03 1.0000000000e+03
169 1.6801000000e+00 1.3767234043e+03 1.0000000000e+03
170 1.6901000000e+00 1.3667234043e+03 1.0000000000e+03
171 1.7001000000e+00 1.3567234043e+03 1.0000000000e+03
172 1.7101000000e+00 1.3467234043e+03 1.0000000000e+03
173 1.7201000000e+00 1.3367234043e+03 1.0000000000e+03
174 1.7301000000e+00 1.3267234043e+03 1.0000000000e+03
175 1.7401000000e+00 1.3167234043e+03 1.0000000000e+03
176 1.7501000000e+00 1.3067234043e+03 1.0000000000e+03
177 1.7601000000e+00 1.2967234043e+03 1.0000000000e+03
178 1.7701000000e+00 1.2867234043e+03 1.0000000000e+03
179 1.7801000000e+00 1.2767234043e+03 1.0000000000e+03
180 1.7901000000e+00 1.2667234043e+03 1.0000000000e+03
181 1.8001000000e+00 1.2567234043e+03 1.0000000000e+03
182 1.8101000000e+00 1.2467234043e+03 1.0000000000e+03
183 1.8201000000e+00 1.2367234043e+03 1.0000000000e+03
184 1.8301000000e+00 1.2267234043e+03 1.0000000000e+03
185 1.8401000000e+00 1.2167234043e+03 1.0000000000e+03
186 1.8501000000e+00 1.2067234043e+03 1.0000000000e+03
187 1.8601000000e+00 1.1967234043e+03 1.0000000000e+03
188 1.8701000000e+00 1.1867234043e+03 1.0000000000e+03
189 1.8801000000e+00 1.1767234043e+03 1.0000000000e+03
190 1.8901000000e+00 1.1667234043e+03 1.0000000000e+03
191 1.9001000000e+00 1.1567234043e+03 1.0000000000e+03
192 1.9101000000e+00 1.1467234043e+03 1.0000000000e+03
193 1.9201000000e+00 1.1367234043e+03 1.0000000000e+03
194 1.9301000000e+00 1.1267234043e+03 1.0000000000e+03
195 1.9401000000e+00 1.1167234043e+03 1.0000000000e+03
196 1.9501000000e+00 1.1067234043e+03 1.0000000000e+03
197 1.9601000000e+00 1.0967234043e+03 1.0000000000e+03
198 1.9701000000e+00 1.0867234043e+03 1.0000000000e+03
199 1.9801000000e+00 1.0767234043e+03 1.0000000000e+03
200 1.9901000000e+00 1.0667234043e+03 1.0000000000e+03
201 2.0001000000e+00 1.0567234043e+03 1.0000000000e+03
202 2.0101000000e+00 1.0467234043e+03 1.0000000000e+03
203 2.0201000000e+00 1.0367234043e+03 1.0000000000e+03
204 2.0301000000e+00 1.0267234043e+03 1.0000000000e+03
205 2.0401000000e+00 1.0167234043e+03 1.0000000000e+03
206 2.0501000000e+00 1.0067234043e+03 1.0000000000e+03
207 2.0601000000e+00 9.9672340430e+02 1.0000000000e+03
208 2.0701000000e+00 9.8672340430e+02 1.0000000000e+03
209 2.0801000000e+00 9.7672340430e+02 1.0000000000e+03
210 2.0901000000e+00 9.6672340430e+02 1.0000000000e+03
211 2.1001000000e+00 9.5672340430e+02 1.0000000000e+03
212 2.1101000000e+00 9.4672340430e+02 1.0000000000e+03
213 2.1201000000e+00 9.3672340430e+02 1.0000000000e+03
214 2.1301000000e+00 9.2672340430e+02 1.0000000000e+03
215 2.1401000000e+00 9.1672340430e+02 1.0000000000e+03
216 2.1501000000e+00 9.0672340430e+02 1.0000000000e+03
217 2.1601000000e+00 8.9672340430e+02 1.0000000000e+03
218 2.1701000000e+00 8.8672340430e+02 1.0000000000e+03
219 2.1801000000e+00 8.7672340430e+02 1.0000000000e+03
220 2.1901000000e+00 8.6672340430e+02 1.0000000000e+03
221 2.2001000000e+00 8.5672340430e+02 1.0000000000e+03
222 2.2101000000e+00 8.4672340430e+02 1.0000000000e+03
223 2.2201000000e+00 8.3672340430e+02 1.0000000000e+03
224 2.2301000000e+00 8.2672340430e+02 1.0000000000e+03
225 2.2401000000e+00 8.1672340430e+02 1.0000000000e+03
226 2.2501000000e+00 8.0672340430e+02 1.0000000000e+03
227 2.2601000000e+00 7.9672340430e+02 1.0000000000e+03
228 2.2701000000e+00 7.8672340430e+02 1.0000000000e+03
229 2.2801000000e+00 7.7672340430e+02 1.0000000000e+03
230 2.2901000000e+00 7.6672340430e+02 1.0000000000e+03
231 2.3001000000e+00 7.5672340430e+02 1.0000000000e+03
232 2.3101000000e+00 7.4672340430e+02 1.0000000000e+03
233 2.3201000000e+00 7.3672340430e+02 1.0000000000e+03
234 2.3301000000e+00 7.2672340430e+02 1.0000000000e+03
235 2.3401000000e+00 7.1672340430e+02 1.0000000000e+03
236 2.3501000000e+00 7.0672340430e+02 1.0000000000e+03
237 2.3601000000e+00 6.9672340430e+02 1.0000000000e+03
238 2.3701000000e+00 6.8672340430e+02 1.0000000000e+03
239 2.3801000000e+00 6.7672340430e+02 1.0000000000e+03
240 2.3901000000e+00 6.6672340430e+02 1.0000000000e+03
241 2.4001000000e+00 6.5672340430e+02 1.0000000000e+03
242 2.4101000000e+00 6.4672340430e+02 1.0000000000e+03
243 2.4201000000e+00 6.3672340430e+02 1.0000000000e+03
244 2.4301000000e+00 6.2672340430e+02 1.0000000000e+03
245 2.4401000000e+00 6.1672340430e+02 1.0000000000e+03
246 2.4501000000e+00 6.0672340430e+02 1.0000000000e+03
247 2.4601000000e+00 5.9672340430e+02 1.0000000000e+03
248 2.4701000000e+00 5.8672340430e+02 1.0000000000e+03
249 2.4801000000e+00 5.7672340430e+02 1.0000000000e+03
250 2.4901000000e+00 5.6672340430e+02 1.0000000000e+03
251 2.5001000000e+00 5.5672340430e+02 1.0000000000e+03
252 2.5101000000e+00 5.4672340430e+02 1.0000000000e+03
253 2.5201000000e+00 5.3672340430e+02 1.0000000000e+03
254 2.5301000000e+00 5.2672340430e+02 1.0000000000e+03
255 2.5401000000e+00 5.1672340430e+02 1.0000000000e+03
256 2.5501000000e+00 5.0672340430e+02 1.0000000000e+03
257 2.5601000000e+00 4.9672340430e+02 1.0000000000e+03
258 2.5701000000e+00 4.8672340430e+02 1.0000000000e+03
259 2.5801000000e+00 4.7672340430e+02 1.0000000000e+03
260 2.5901000000e+00 4.6672340430e+02 1.0000000000e+03
261 2.6001000000e+00 4.5672340430e+02 1.0000000000e+03
262 2.6101000000e+00 4.4672340430e+02 1.0000000000e+03
263 2.6201000000e+00 4.3672340430e+02 1.0000000000e+03
264 2.6301000000e+00 4.2672340430e+02 1.0000000000e+03
265 2.6401000000e+00 4.1672340430e+02 1.0000000000e+03
266 2.6501000000e+00 4.0672340430e+02 1.0000000000e+03
267 2.6601000000e+00 3.9672340430e+02 1.0000000000e+03
268 2.6701000000e+00 3.8672340430e+02 1.0000000000e+03
269 2.6801000000e+00 3.7672340430e+02 1.0000000000e+03
270 2.6901000000e+00 3.6672340430e+02 1.0000000000e+03
271 2.7001000000e+00 3.5672340430e+02 1.0000000000e+03
272 2.7101000000e+00 3.4672340430e+02 1.0000000000e+03
273 2.7201000000e+00 3.3672340430e+02 1.0000000000e+03
274 2.7301000000e+00 3.2672340430e+02 1.0000000000e+03
275 2.7401000000e+00 3.1672340430e+02 1.0000000000e+03
276 2.7501000000e+00 3.0672340430e+02 1.0000000000e+03
277 2.7601000000e+00 2.9672340430e+02 1.0000000000e+03
278 2.7701000000e+00 2.8672340430e+02 1.0000000000e+03
279 2.7801000000e+00 2.7672340430e+02 1.0000000000e+03
280 2.7901000000e+00 2.6672340430e+02 1.0000000000e+03
281 2.8001000000e+00 2.5672340430e+02 1.0000000000e+03
282 2.8101000000e+00 2.4672340430e+02 1.0000000000e+03
283 2.8201000000e+00 2.3672340430e+02 1.0000000000e+03
284 2.8301000000e+00 2.2672340430e+02 1.0000000000e+03
285 2.8401000000e+00 2.1672340430e+02 1.0000000000e+03
286 2.8501000000e+00 2.0672340430e+02 1.0000000000e+03
287 2.8601000000e+00 1.9672340430e+02 1.0000000000e+03
288 2.8701000000e+00 1.8672340430e+02 1.0000000000e+03
289 2.8801000000e+00 1.7672340430e+02 1.0000000000e+03
290 2.8901000000e+00 1.6672340430e+02 1.0000000000e+03
291 2.9001000000e+00 1.5672340430e+02 1.0000000000e+03
292 2.9101000000e+00 1.4672340430e+02 1.0000000000e+03
293 2.9201000000e+00 1.3672340430e+02 1.0000000000e+03
294 2.9301000000e+00 1.2672340430e+02 1.0000000000e+03
295 2.9401000000e+00 1.1672340430e+02 1.0000000000e+03
296 2.9501000000e+00 1.0672340430e+02 1.0000000000e+03
297 2.9601000000e+00 9.6723404300e+01 1.0000000000e+03
298 2.9701000000e+00 8.6723404300e+01 1.0000000000e+03
299 2.9801000000e+00 7.6723404300e+01 1.0000000000e+03
300 2.9901000000e+00 6.6723404300e+01 1.0000000000e+03
301 3.0001000000e+00 5.6723404300e+01 1.1213597000e+02
302 3.0101000000e+00 5.5602044600e+01 5.8126500000e+00
303 3.0201000000e+00 5.5543918100e+01 1.5885223000e+02
304 3.0301000000e+00 5.3955395800e+01 1.9482620000e+01
305 3.0401000000e+00 5.3760569600e+01 8.4752110000e+01
306 3.0501000000e+00 5.2913048500e+01 1.9713489000e+02
307 3.0601000000e+00 5.0941699600e+01 -2.2491440000e+02
308 3.0701000000e+00 5.3190843600e+01 1.8215279000e+02
309 3.0801000000e+00 5.1369315700e+01 8.4999540000e+01
310 3.0901000000e+00 5.0519320300e+01 3.7683640000e+01
311 3.1001000000e+00 5.0142483900e+01 -7.7948700000e+00
312 3.1101000000e+00 5.0220432600e+01 2.4090364000e+02
313 3.1201000000e+00 4.7811396200e+01 8.3621400000e+01
314 3.1301000000e+00 4.6975182200e+01 -1.2133533000e+02
315 3.1401000000e+00 4.8188535500e+01 1.4016908000e+02
316 3.1501000000e+00 4.6786844700e+01 -9.6278240000e+01
317 3.1601000000e+00 4.7749627100e+01 7.3882180000e+01
318 3.1701000000e+00 4.7010805300e+01 6.7628500000e+00
319 3.1801000000e+00 4.6943176800e+01 1.5982627000e+02
320 3.1901000000e+00 4.5344914100e+01 1.6654522000e+02
321 3.2001000000e+00 4.3679461900e+01 -1.8799900000e+01
322 3.2101000000e+00 4.3867460900e+01 9.0494000000e-01
323 3.2201000000e+00 4.3858411500e+01 4.0368710000e+01
324 3.2301000000e+00 4.3454724400e+01 1.1731322000e+02
325 3.2401000000e+00 4.2281592200e+01 -9.1332100000e+00
326 3.2501000000e+00 4.2372924300e+01 1.3995569000e+02
327 3.2601000000e+00 4.0973367400e+01 -3.8780920000e+01
328 3.2701000000e+00 4.1361176600e+01 5.3067560000e+01
329 3.2801000000e+00 4.0830501000e+01 -6.4002360000e+01
330 3.2901000000e+00 4.1470524600e+01 2.3063777000e+02
331 3.3001000000e+00 3.9164146900e+01 -9.7666590000e+01
332 3.3101000000e+00 4.0140812800e+01 7.5960940000e+01
333 3.3201000000e+00 3.9381203400e+01 1.3449172000e+02
334 3.3301000000e+00 3.8036286200e+01 -3.5925030000e+01
335 3.3401000000e+00 3.8395536500e+01 3.5598350000e+01
336 3.3501000000e+00 3.8039553000e+01 1.2877866000e+02
337 3.3601000000e+00 3.6751766400e+01 -1.1211500000e+01
338 3.3701000000e+00 3.6863881400e+01 3.1561530000e+01
339 3.3801000000e+00 3.6548266100e+01 5.1411950000e+01
340 3.3901000000e+00 3.6034146600e+01 3.7373930000e+01
341 3.4001000000e+00 3.5660407300e+01 -1.6862580000e+01
342 3.4101000000e+00 3.5829033100e+01 7.8229270000e+01
343 3.4201000000e+00 3.5046740400e+01 1.4888643000e+02
344 3.4301000000e+00 3.3557876100e+01 -3.1206570000e+01
345 3.4401000000e+00 3.3869941800e+01 1.9745780000e+01
346 3.4501000000e+00 3.3672484000e+01 8.3179430000e+01
347 3.4601000000e+00 3.2840689700e+01 2.8654690000e+01
348 3.4701000000e+00 3.2554142800e+01 -2.4234040000e+01
349 3.4801000000e+00 3.2796483200e+01 2.8307970000e+01
350 3.4901000000e+00 3.2513403500e+01 5.9659960000e+01
351 3.5001000000e+00 3.1916803900e+01 1.0923519000e+02
352 3.5101000000e+00 3.0824452000e+01 -3.2131840000e+01
353 3.5201000000e+00 3.1145770400e+01 2.9887100000e+01
354 3.5301000000e+00 3.0846899400e+01 6.8508030000e+01
355 3.5401000000e+00 3.0161819100e+01 7.0049400000e+00
356 3.5501000000e+00 3.0091769700e+01 5.6841330000e+01
357 3.5601000000e+00 2.9523356400e+01 2.1953860000e+01
358 3.5701000000e+00 2.9303817800e+01 6.1259060000e+01
359 3.5801000000e+00 2.8691227200e+01 -2.4837300000e+00
360 3.5901000000e+00 2.8716064500e+01 -9.1550700000e+00
361 3.6001000000e+00 2.8807615200e+01 4.4792270000e+01
362 3.6101000000e+00 2.8359692500e+01 7.8243590000e+01
363 3.6201000000e+00 2.7577256600e+01 6.9401790000e+01
364 3.6301000000e+00 2.6883238700e+01 -1.7916400000e+01
365 3.6401000000e+00 2.7062402700e+01 2.5705400000e+01
366 3.6501000000e+00 2.6805348700e+01 2.5143370000e+01
367 3.6601000000e+00 2.6553915000e+01 6.6929000000e-01
368 3.6701000000e+00 2.6547222100e+01 5.2109780000e+01
369 3.6801000000e+00 2.6026124300e+01 5.6868650000e+01
370 3.6901000000e+00 2.5457437800e+01 1.9862910000e+01
371 3.7001000000e+00 2.5258808700e+01 5.3977300000e+01
372 3.7101000000e+00 2.4719035700e+01 5.6573750000e+01
373 3.7201000000e+00 2.4153298200e+01 4.3763600000e+00
374 3.7301000000e+00 2.4109534600e+01 -9.5326700000e+00
375 3.7401000000e+00 2.4204861300e+01 1.1446770000e+01
376 3.7501000000e+00 2.4090393600e+01 3.9761570000e+01
377 3.7601000000e+00 2.3692777900e+01 1.2457070000e+01
378 3.7701000000e+00 2.3568207200e+01 2.3356620000e+01
379 3.7801000000e+00 2.3334641000e+01 4.1767670000e+01
380 3.7901000000e+00 2.2916964300e+01 6.0124900000e+00
381 3.8001000000e+00 2.2856839400e+01 3.2764510000e+01
382 3.8101000000e+00 2.2529194300e+01 1.8143780000e+01
383 3.8201000000e+00 2.2347756500e+01 2.5355870000e+01
384 3.8301000000e+00 2.2094197800e+01 1.2611190000e+01
385 3.8401000000e+00 2.1968085900e+01 4.3653150000e+01
386 3.8501000000e+00 2.1531554400e+01 -1.6224000000e+01
387 3.8601000000e+00 2.1693794400e+01 5.3613710000e+01
388 3.8701000000e+00 2.1157657300e+01 9.7040700000e+00
389 3.8801000000e+00 2.1060616600e+01 9.0954800000e+00
390 3.8901000000e+00 2.0969661800e+01 9.4768400000e+00
391 3.9001000000e+00 2.0874893400e+01 5.1197240000e+01
392 3.9101000000e+00 2.0362921000e+01 -1.2255120000e+01
393 3.9201000000e+00 2.0485472200e+01 3.7146400000e+01
394 3.9301000000e+00 2.0114008200e+01 3.4857460000e+01
395 3.9401000000e+00 1.9765433600e+01 -1.3738630000e+01
396 3.9501000000e+00 1.9902819900e+01 3.4796500000e+01
397 3.9601000000e+00 1.9554854900e+01 8.3457200000e+00
398 3.9701000000e+00 1.9471397700e+01 3.0246790000e+01
399 3.9801000000e+00 1.9168929800e+01 3.3935500000e+01
400 3.9901000000e+00 1.8829574800e+01 4.2421100000e+00
401 4.0001000000e+00 1.8787153700e+01 1.2629270000e+01
402 4.0101000000e+00 1.8660861000e+01 2.9455000000e+01
403 4.0201000000e+00 1.8366311000e+01 -8.3563500000e+00
404 4.0301000000e+00 1.8449874500e+01 2.8982360000e+01
405 4.0401000000e+00 1.8160050900e+01 5.6116600000e+00
406 4.0501000000e+00 1.8103934300e+01 1.1035870000e+01
407 4.0601000000e+00 1.7993575600e+01 2.5838520000e+01
408 4.0701000000e+00 1.7735190400e+01 1.7879980000e+01
409 4.0801000000e+00 1.7556390600e+01 5.9807500000e+00
410 4.0901000000e+00 1.7496583100e+01 1.6936160000e+01
411 4.1001000000e+00 1.7327221500e+01 2.2582810000e+01
412 4.1101000000e+00 1.7101393400e+01 1.0613980000e+01
413 4.1201000000e+00 1.6995253600e+01 1.5332000000e+00
414 4.1301000000e+00 1.6979921600e+01 1.5380330000e+01
415 4.1401000000e+00 1.6826118300e+01 1.0822590000e+01
416 4.1501000000e+00 1.6717892400e+01 1.3459010000e+01
417 4.1601000000e+00 1.6583302300e+01 1.0868290000e+01
418 4.1701000000e+00 1.6474619400e+01 1.2995070000e+01
419 4.1801000000e+00 1.6344668700e+01 4.0076900000e+00
420 4.1901000000e+00 1.6304591800e+01 1.5184200000e+00
421 4.2001000000e+00 1.6289407600e+01 2.1312285000e+01
422 4.2101000000e+00 1.6076284750e+01 7.5904650000e+00
423 4.2201000000e+00 1.6000380100e+01 7.8372000000e-01
424 4.2301000000e+00 1.5992542900e+01 1.7413740000e+01
425 4.2401000000e+00 1.5818405500e+01 2.3927600000e+00
426 4.2501000000e+00 1.5794477900e+01 2.2226260000e+01
427 4.2601000000e+00 1.5572215300e+01 1.0705020000e+01
428 4.2701000000e+00 1.5465165100e+01 1.2710930000e+01
429 4.2801000000e+00 1.5338055800e+01 1.6205500000e+01
430 4.2901000000e+00 1.5176000800e+01 1.4426060000e+01
431 4.3001000000e+00 1.5031740200e+01 2.8037275000e+01
432 4.3101000000e+00 1.4751367450e+01 3.4420870000e+01
433 4.3201000000e+00 1.4407158750e+01 4.0630985000e+01
434 4.3301000000e+00 1.4000848900e+01 4.4753050000e+01
435 4.3401000000e+00 1.3553318400e+01 5.1607560000e+01
436 4.3501000000e+00 1.3037242800e+01 4.3166780000e+01
437 4.3601000000e+00 1.2605575000e+01 5.6420410000e+01
438 4.3701000000e+00 1.2041370900e+01 6.6192400000e+01
439 4.3801000000e+00 1.1379446900e+01 4.9152630000e+01
440 4.3901000000e+00 1.0887920600e+01 3.6155770000e+01
441 4.4001000000e+00 1.0526362900e+01 3.7875140000e+01
442 4.4101000000e+00 1.0147611500e+01 3.5802595000e+01
443 4.4201000000e+00 9.7895855500e+00 3.5193655000e+01
444 4.4301000000e+00 9.4376490000e+00 2.6038330000e+01
445 4.4401000000e+00 9.1772657000e+00 2.4751370000e+01
446 4.4501000000e+00 8.9297520000e+00 2.3636860000e+01
447 4.4601000000e+00 8.6933834000e+00 2.3796055000e+01
448 4.4701000000e+00 8.4554228500e+00 1.1246750000e+01
449 4.4801000000e+00 8.3429553500e+00 1.2988292000e+01
450 4.4901000000e+00 8.2130724300e+00 1.6934919000e+01
451 4.5001000000e+00 8.0437232400e+00 9.5147600000e+00
452 4.5101000000e+00 7.9485756400e+00 2.2298500000e+01
453 4.5201000000e+00 7.7255906400e+00 1.2543667000e+01
454 4.5301000000e+00 7.6001539700e+00 1.1851280000e+01
455 4.5401000000e+00 7.4816411700e+00 1.4526880000e+01
456 4.5501000000e+00 7.3363723700e+00 8.1614140000e+00
457 4.5601000000e+00 7.2547582300e+00 2.1932186000e+01
458 4.5701000000e+00 7.0354363700e+00 1.4145833000e+01
459 4.5801000000e+00 6.8939780400e+00 1.2465275000e+01
460 4.5901000000e+00 6.7693252900e+00 1.1431927000e+01
461 4.6001000000e+00 6.6550060200e+00 1.2672668000e+01
462 4.6101000000e+00 6.5282793400e+00 2.1850880000e+00
463 4.6201000000e+00 6.5064284600e+00 1.1426351000e+01
464 4.6301000000e+00 6.3921649500e+00 1.4129189000e+01
465 4.6401000000e+00 6.2508730600e+00 1.4815260000e+01
466 4.6501000000e+00 6.1027204600e+00 8.2997010000e+00
467 4.6601000000e+00 6.0197234500e+00 5.1376240000e+00
468 4.6701000000e+00 5.9683472100e+00 8.3429520000e+00
469 4.6801000000e+00 5.8849176900e+00 7.6615810000e+00
470 4.6901000000e+00 5.8083018800e+00 7.6009280000e+00
471 4.7001000000e+00 5.7322926000e+00 1.0679655000e+01
472 4.7101000000e+00 5.6254960500e+00 4.3731570000e+00
473 4.7201000000e+00 5.5817644800e+00 6.1539450000e+00
474 4.7301000000e+00 5.5202250300e+00 9.5950240000e+00
475 4.7401000000e+00 5.4242747900e+00 7.8257280000e+00
476 4.7501000000e+00 5.3460175100e+00 1.1186879000e+01
477 4.7601000000e+00 5.2341487200e+00 9.1250430000e+00
478 4.7701000000e+00 5.1428982900e+00 9.7505140000e+00
479 4.7801000000e+00 5.0453931500e+00 1.2508724000e+01
480 4.7901000000e+00 4.9203059100e+00 7.4578790000e+00
481 4.8001000000e+00 4.8457271200e+00 5.9744950000e+00
482 4.8101000000e+00 4.7859821700e+00 1.2059817000e+01
483 4.8201000000e+00 4.6653840000e+00 3.6404230000e+00
484 4.8301000000e+00 4.6289797700e+00 6.7412160000e+00
485 4.8401000000e+00 4.5615676100e+00 6.8112170000e+00
486 4.8501000000e+00 4.4934554400e+00 1.0454682000e+01
487 4.8601000000e+00 4.3889086200e+00 4.0805940000e+00
488 4.8701000000e+00 4.3481026800e+00 6.1683780000e+00
489 4.8801000000e+00 4.2864189000e+00 6.9683820000e+00
490 4.8901000000e+00 4.2167350800e+00 7.5221610000e+00
491 4.9001000000e+00 4.1415134700e+00 5.1110690000e+00
492 4.9101000000e+00 4.0904027800e+00 5.1141560000e+00
493 4.9201000000e+00 4.0392612200e+00 9.2826610000e+00
494 4.9301000000e+00 3.9464346100e+00 5.1538720000e+00
495 4.9401000000e+00 3.8948958900e+00 3.1846740000e+00
496 4.9501000000e+00 3.8630491500e+00 6.5008620000e+00
497 4.9601000000e+00 3.7980405300e+00 6.0505500000e+00
498 4.9701000000e+00 3.7375350300e+00 7.0259890000e+00
499 4.9801000000e+00 3.6672751400e+00 4.2252090000e+00
500 4.9901000000e+00 3.6250230500e+00 3.9232770000e+01
501 5.0001000000e+00 3.2326953500e+00 -1.5608900000e+00
502 5.0101000000e+00 3.2483042500e+00 1.0714730000e+00
503 5.0201000000e+00 3.2375895200e+00 -4.4966300000e-01
504 5.0301000000e+00 3.2420861500e+00 3.3329910000e+00
505 5.0401000000e+00 3.2087562400e+00 1.7663400000e+00
506 5.0501000000e+00 3.1910928400e+00 6.8633140000e+00
507 5.0601000000e+00 3.1224597000e+00 4.4813230000e+00
508 5.0701000000e+00 3.0776464700e+00 6.6121670000e+00
509 5.0801000000e+00 3.0115248000e+00 5.1545150000e+00
510 5.0901000000e+00 2.9599796500e+00 4.5626990000e+00
511 5.1001000000e+00 2.9143526600e+00 5.0504540000e+00
512 5.1101000000e+00 2.8638481200e+00 4.6466310000e+00
513 5.1201000000e+00 2.8173818100e+00 2.3612950000e+00
514 5.1301000000e+00 2.7937688600e+00 6.0985750000e+00
515 5.1401000000e+00 2.7327831100e+00 2.5170440000e+00
516 5.1501000000e+00 2.7076126700e+00 4.6114570000e+00
517 5.1601000000e+00 2.6614981000e+00 5.0572020000e+00
518 5.1701000000e+00 2.6109260800e+00 2.2825430000e+00
519 5.1801000000e+00 2.5881006500e+00 3.8563610000e+00
520 5.1901000000e+00 2.5495370400e+00 2.3200720000e+00
521 5.2001000000e+00 2.5263363200e+00 5.2578100000e+00
522 5.2101000000e+00 2.4737582200e+00 1.0785140000e+00
523 5.2201000000e+00 2.4629730800e+00 4.3145000000e-01
524 5.2301000000e+00 2.4586585800e+00 3.2465690000e+00
525 5.2401000000e+00 2.4261928900e+00 1.5616190000e+00
526 5.2501000000e+00 2.4105767000e+00 5.6345870000e+00
527 5.2601000000e+00 2.3542308300e+00 4.2929890000e+00
528 5.2701000000e+00 2.3113009400e+00 2.4305700000e+00
529 5.2801000000e+00 2.2869952400e+00 2.8679200000e+00
530 5.2901000000e+00 2.2583160400e+00 3.7893710000e+00
531 5.3001000000e+00 2.2204223300e+00 2.5290400000e+00
532 5.3101000000e+00 2.1951319300e+00 2.1124820000e+00
533 5.3201000000e+00 2.1740071100e+00 4.8986150000e+00
534 5.3301000000e+00 2.1250209600e+00 1.2882020000e+00
535 5.3401000000e+00 2.1121389400e+00 2.5978500000e+00
536 5.3501000000e+00 2.0861604400e+00 3.9404620000e+00
537 5.3601000000e+00 2.0467558200e+00 4.2858640000e+00
538 5.3701000000e+00 2.0038971800e+00 2.3990750000e+00
539 5.3801000000e+00 1.9799064300e+00 1.0165900000e+00
540 5.3901000000e+00 1.9697405300e+00 4.4224250000e+00
541 5.4001000000e+00 1.9255162800e+00 2.5337460000e+00
542 5.4101000000e+00 1.9001788200e+00 3.7881660000e+00
543 5.4201000000e+00 1.8622971600e+00 1.9367020000e+00
544 5.4301000000e+00 1.8429301400e+00 2.3460890000e+00
545 5.4401000000e+00 1.8194692500e+00 3.1516870000e+00
546 5.4501000000e+00 1.7879523800e+00 2.3320380000e+00
547 5.4601000000e+00 1.7646320000e+00 2.5936590000e+00
548 5.4701000000e+00 1.7386954100e+00 4.3838850000e+00
549 5.4801000000e+00 1.6948565600e+00 2.6904310000e+00
550 5.4901000000e+00 1.6679522500e+00 2.0747770000e+00
551 5.5001000000e+00 1.6472044800e+00 3.3355160000e+00
552 5.5101000000e+00 1.6138493200e+00 2.6792240000e+00
553 5.5201000000e+00 1.5870570800e+00 4.4334760000e+00
554 5.5301000000e+00 1.5427223200e+00 1.5735880000e+00
555 5.5401000000e+00 1.5269864400e+00 2.9537260000e+00
556 5.5501000000e+00 1.4974491800e+00 4.0123450000e+00
557 5.5601000000e+00 1.4573257300e+00 8.4391700000e-01
558 5.5701000000e+00 1.4488865600e+00 2.4594820000e+00
559 5.5801000000e+00 1.4242917400e+00 1.6885330000e+00
560 5.5901000000e+00 1.4074064100e+00 2.6972460000e+00
561 5.6001000000e+00 1.3804339500e+00 4.9759560000e+00
562 5.6101000000e+00 1.3306743900e+00 1.6976550000e+00
563 5.6201000000e+00 1.3136978400e+00 2.6374270000e+00
564 5.6301000000e+00 1.2873235700e+00 1.8358720000e+00
565 5.6401000000e+00 1.2689648500e+00 4.5114105000e+00
566 5.6501000000e+00 1.2238507450e+00 3.2190192000e+00
567 5.6601000000e+00 1.1916605530e+00 1.2626540000e+00
568 5.6701000000e+00 1.1790340130e+00 2.9226343000e+00
569 5.6801000000e+00 1.1498076700e+00 3.0290347000e+00
570 5.6901000000e+00 1.1195173230e+00 1.7470453000e+00
571 5.7001000000e+00 1.1020468700e+00 2.5440102000e+00
572 5.7101000000e+00 1.0766067680e+00 3.8389679000e+00
573 5.7201000000e+00 1.0382170890e+00 2.3014100000e+00
574 5.7301000000e+00 1.0152029890e+00 1.3149662000e+00
575 5.7401000000e+00 1.0020533270e+00 1.4970440000e+00
576 5.7501000000e+00 9.8708288700e-01 4.9715623000e+00
577 5.7601000000e+00 9.3736726400e-01 1.3533704000e+00
578 5.7701000000e+00 9.2383356000e-01 1.0450565000e+00
579 5.7801000000e+00 9.1338299500e-01 2.8411383000e+00
580 5.7901000000e+00 8.8497161200e-01 2.9016550000e+00
581 5.8001000000e+00 8.5595506200e-01 1.5943380000e+00
582 5.8101000000e+00 8.4001168200e-01 2.2542552000e+00
583 5.8201000000e+00 8.1746913000e-01 1.8464234000e+00
584 5.8301000000e+00 7.9900489600e-01 4.0628283000e+00
585 5.8401000000e+00 7.5837661300e-01 2.6716260000e-01
586 5.8501000000e+00 7.5570498700e-01 2.1818512000e+00
587 5.8601000000e+00 7.3388647500e-01 2.5220277000e+00
588 5.8701000000e+00 7.0866619800e-01 3.1499066000e+00
589 5.8801000000e+00 6.7716713200e-01 2.7829438000e+00
590 5.8901000000e+00 6.4933769400e-01 4.5376950000e-01
591 5.9001000000e+00 6.4479999900e-01 2.1257566000e+00
592 5.9101000000e+00 6.2354243300e-01 3.3268981000e+00
593 5.9201000000e+00 5.9027345200e-01 2.3270576000e+00
594 5.9301000000e+00 5.6700287600e-01 2.7658620000e-01
595 5.9401000000e+00 5.6423701400e-01 3.3191671000e+00
596 5.9501000000e+00 5.3104534300e-01 3.0514590000e+00
597 5.9601000000e+00 5.0053075300e-01 8.5331460000e-01
598 5.9701000000e+00 4.9199760700e-01 1.0332838000e+00
599 5.9801000000e+00 4.8166476900e-01 1.9893712000e+00
600 5.9901000000e+00 4.6177105700e-01 2.3716087000e+00
601 6.0001000000e+00 4.3805497000e-01 3.6022050000e+00
602 6.0101000000e+00 4.0203292000e-01 1.9408372600e+00
603 6.0201000000e+00 3.8262454740e-01 2.7535673400e+00
604 6.0301000000e+00 3.5508887400e-01 1.4547003200e+00
605 6.0401000000e+00 3.4054187080e-01 2.3941798000e-01
606 6.0501000000e+00 3.3814769100e-01 2.9114055300e+00
607 6.0601000000e+00 3.0903363570e-01 2.6807053850e+00
608 6.0701000000e+00 2.8222658185e-01 1.2015759090e+00
609 6.0801000000e+00 2.7021082276e-01 2.1874880260e+00
610 6.0901000000e+00 2.4833594250e-01 1.7459968500e+00
611 6.1001000000e+00 2.3087597400e-01 1.5615247400e+00
612 6.1101000000e+00 2.1526072660e-01 2.5198523540e+00
613 6.1201000000e+00 1.9006220306e-01 1.5078641860e+00
614 6.1301000000e+00 1.7498356120e-01 1.5677441400e+00
615 6.1401000000e+00 1.5930611980e-01 1.0086554800e+00
616 6.1501000000e+00 1.4921956500e-01 3.2935058700e+00
617 6.1601000000e+00 1.1628450630e-01 6.5842223000e-01
618 6.1701000000e+00 1.0970028400e-01 2.8089318200e+00
619 6.1801000000e+00 8.1610965800e-02 1.4401986900e+00
620 6.1901000000e+00 6.7208978900e-02 2.0269756724e+00
621 6.2001000000e+00 4.6939222176e-02 8.2971890960e-01
622 6.2101000000e+00 3.8642033080e-02 2.9700787840e+00
623 6.2201000000e+00 8.9412452400e-03 2.0912480740e+00
624 6.2301000000e+00 -1.1971235500e-02 1.8069184400e+00
625 6.2401000000e+00 -3.0040419900e-02 8.1599176000e-01
626 6.2501000000e+00 -3.8200337500e-02 1.5138832350e+00
627 6.2601000000e+00 -5.3339169850e-02 1.6763380050e+00
628 6.2701000000e+00 -7.0102549900e-02 2.4343823500e+00
629 6.2801000000e+00 -9.4446373400e-02 6.2430263000e-01
630 6.2901000000e+00 -1.0068939970e-01 3.2664532700e+00
631 6.3001000000e+00 -1.3335393240e-01 8.6092154000e-02
632 6.3101000000e+00 -1.3421485394e-01 1.3630444260e+00
633 6.3201000000e+00 -1.4784529820e-01 2.6191131600e+00
634 6.3301000000e+00 -1.7403642980e-01 1.2535356000e+00
635 6.3401000000e+00 -1.8657178580e-01 1.6649605700e+00
636 6.3501000000e+00 -2.0322139150e-01 -1.8760900000e-01
637 6.3601000000e+00 -2.0134530150e-01 1.4035817100e+00
638 6.3701000000e+00 -2.1538111860e-01 3.6452692100e+00
639 6.3801000000e+00 -2.5183381070e-01 2.1162779400e+00
640 6.3901000000e+00 -2.7299659010e-01 1.1454273000e+00
641 6.4001000000e+00 -2.8445086310e-01 2.0331070900e+00
642 6.4101000000e+00 -3.0478193400e-01 7.1200537000e-01
643 6.4201000000e+00 -3.1190198770e-01 2.3393522300e+00
644 6.4301000000e+00 -3.3529551000e-01 2.2938905000e+00
645 6.4401000000e+00 -3.5823441500e-01 -2.7357885000e-01
646 6.4501000000e+00 -3.5549862650e-01 2.3914925500e+00
647 6.4601000000e+00 -3.7941355200e-01 8.6588610000e-01
648 6.4701000000e+00 -3.8807241300e-01 2.3859192000e+00
649 6.4801000000e+00 -4.1193160500e-01 -3.3314070000e-01
650 6.4901000000e+00 -4.0860019800e-01 2.0851566000e+00
651 6.5001000000e+00 -4.2945176400e-01 2.9401451000e+00
652 6.5101000000e+00 -4.5885321500e-01 2.0906300000e-01
653 6.5201000000e+00 -4.6094384500e-01 1.5031982000e+00
654 6.5301000000e+00 -4.7597582700e-01 2.0361513000e+00
655 6.5401000000e+00 -4.9633734000e-01 1.1554443000e+00
656 6.5501000000e+00 -5.0789178300e-01 1.0964394000e+00
657 6.5601000000e+00 -5.1885617700e-01 2.1564194000e+00
658 6.5701000000e+00 -5.4042037100e-01 1.0296138000e+00
659 6.5801000000e+00 -5.5071650900e-01 1.1472000000e-01
660 6.5901000000e+00 -5.5186370900e-01 1.7082248000e+00
661 6.6001000000e+00 -5.6894595700e-01 4.6552890000e-01
662 6.6101000000e+00 -5.7360124600e-01 2.7251759000e+00
663 6.6201000000e+00 -6.0085300500e-01 1.1931150000e-01
664 6.6301000000e+00 -6.0204612000e-01 3.2498772000e+00
665 6.6401000000e+00 -6.3454489200e-01 -2.4136430000e-01
666 6.6501000000e+00 -6.3213124900e-01 1.9208110000e+00
667 6.6601000000e+00 -6.5133935900e-01 7.8310930000e-01
668 6.6701000000e+00 -6.5917045200e-01 7.0349170000e-01
669 6.6801000000e+00 -6.6620536900e-01 1.8683593000e+00
670 6.6901000000e+00 -6.8488896200e-01 3.9888590000e-01
671 6.7001000000e+00 -6.8887782100e-01 2.0088827000e+00
672 6.7101000000e+00 -7.0896664800e-01 8.7108180000e-01
673 6.7201000000e+00 -7.1767746600e-01 2.4344277000e+00
674 6.7301000000e+00 -7.4202174300e-01 7.0694210000e-01
675 6.7401000000e+00 -7.4909116400e-01 -4.8458160000e-01
676 6.7501000000e+00 -7.4424534800e-01 2.3079352000e+00
677 6.7601000000e+00 -7.6732470000e-01 5.1487650000e-01
678 6.7701000000e+00 -7.7247346500e-01 9.2535360000e-01
679 6.7801000000e+00 -7.8172700100e-01 1.5161500000e+00
680 6.7901000000e+00 -7.9688850100e-01 1.6441397000e+00
681 6.8001000000e+00 -8.1332989800e-01 4.1010330000e-01
682 6.8101000000e+00 -8.1743093100e-01 6.3542510000e-01
683 6.8201000000e+00 -8.2378518200e-01 7.2582750000e-01
684 6.8301000000e+00 -8.3104345700e-01 1.2101256000e+00
685 6.8401000000e+00 -8.4314471300e-01 1.7407476000e+00
686 6.8501000000e+00 -8.6055218900e-01 7.3724200000e-01
687 6.8601000000e+00 -8.6792460900e-01 1.2337494000e+00
688 6.8701000000e+00 -8.8026210300e-01 -9.5587200000e-01
689 6.8801000000e+00 -8.7070338300e-01 2.8972110000e+00
690 6.8901000000e+00 -8.9967549300e-01 4.2878110000e-01
691 6.9001000000e+00 -9.0396330400e-01 9.2852570000e-01
692 6.9101000000e+00 -9.1324856100e-01 2.5686144000e+00
693 6.9201000000e+00 -9.3893470500e-01 -5.7436910000e-01
694 6.9301000000e+00 -9.3319101400e-01 9.2072910000e-01
695 6.9401000000e+00 -9.4239830500e-01 1.2162830000e-01
696 6.9501000000e+00 -9.4361458800e-01 9.8941780000e-01
697 6.9601000000e+00 -9.5350876600e-01 1.4851984000e+00
698 6.9701000000e+00 -9.6836075000e-01 7.4243660000e-01
699 6.9801000000e+00 -9.7578511600e-01 1.4876455000e+00
700 6.9901000000e+00 -9.9066157100e-01 5.5534890000e-01
701 7.0001000000e+00 -9.9621506000e-01 4.1611780000e-01
702 7.0101000000e+00 -1.0003762380e+00 1.3945995000e+00
703 7.0201000000e+00 -1.0143222330e+00 6.3372020000e-01
704 7.0301000000e+00 -1.0206594350e+00 1.3449815000e+00
705 7.0401000000e+00 -1.0341092500e+00 -3.1361900000e-01
706 7.0501000000e+00 -1.0309730600e+00 2.3549016000e+00
707 7.0601000000e+00 -1.0545220760e+00 -1.4751761000e+00
708 7.0701000000e+00 -1.0397703150e+00 2.4623070000e+00
709 7.0801000000e+00 -1.0643933850e+00 6.6833400000e-02
710 7.0901000000e+00 -1.0650617190e+00 1.6612310000e-01
711 7.1001000000e+00 -1.0667229500e+00 1.3985460000e+00
712 7.1101000000e+00 -1.0807084100e+00 3.1121560000e-01
713 7.1201000000e+00 -1.0838205660e+00 1.1406738000e+00
714 7.1301000000e+00 -1.0952273040e+00 2.2495300000e-01
715 7.1401000000e+00 -1.0974768340e+00 3.7366110000e-01
716 7.1501000000e+00 -1.1012134450e+00 7.3404200000e-01
717 7.1601000000e+00 -1.1085538650e+00 7.5943880000e-01
718 7.1701000000e+00 -1.1161482530e+00 1.2540787000e+00
719 7.1801000000e+00 -1.1286890400e+00 7.4309650000e-01
720 7.1901000000e+00 -1.1361200050e+00 4.4923050000e-01
721 7.2001000000e+00 -1.1406123100e+00 5.4612540000e-01
722 7.2101000000e+00 -1.1460735640e+00 3.7770110000e-01
723 7.2201000000e+00 -1.1498505750e+00 4.5642500000e-02
724 7.2301000000e+00 -1.1503070000e+00 7.4121000000e-01
725 7.2401000000e+00 -1.1577191000e+00 1.6896690000e+00
726 7.2501000000e+00 -1.1746157900e+00 -6.1347100000e-01
727 7.2601000000e+00 -1.1684810800e+00 1.3366270000e+00
728 7.2701000000e+00 -1.1818473500e+00 8.0610000000e-02
729 7.2801000000e+00 -1.1826534500e+00 5.7168000000e-02
730 7.2901000000e+00 -1.1832251300e+00 1.6064900000e-01
731 7.3001000000e+00 -1.1848316200e+00 5.2897700000e-01
732 7.3101000000e+00 -1.1901213900e+00 1.7968270000e+00
733 7.3201000000e+00 -1.2080896600e+00 -1.2370220000e+00
734 7.3301000000e+00 -1.1957194400e+00 1.7592610000e+00
735 7.3401000000e+00 -1.2133120500e+00 -9.7590000000e-02
736 7.3501000000e+00 -1.2123361500e+00 2.0482900000e-01
737 7.3601000000e+00 -1.2143844400e+00 1.0108860000e+00
738 7.3701000000e+00 -1.2244933000e+00 -5.8642100000e-01
739 7.3801000000e+00 -1.2186290900e+00 -5.4870300000e-01
740 7.3901000000e+00 -1.2131420600e+00 9.2625900000e-01
741 7.4001000000e+00 -1.2224046500e+00 2.1019940000e+00
742 7.4101000000e+00 -1.2434245900e+00 -8.3272400000e-01
743 7.4201000000e+00 -1.2350973500e+00 8.6433700000e-01
744 7.4301000000e+00 -1.2437407200e+00 -1.0968500000e-01
745 7.4401000000e+00 -1.2426438700e+00 -6.7435200000e-01
746 7.4501000000e+00 -1.2359003500e+00 8.3777100000e-01
747 7.4601000000e+00 -1.2442780600e+00 8.0152800000e-01
748 7.4701000000e+00 -1.2522933400e+00 4.5427400000e-01
749 7.4801000000e+00 -1.2568360800e+00 3.6953000000e-02
750 7.4901000000e+00 -1.2572056100e+00 2.3258700000e-01
751 7.5001000000e+00 -1.2595314800e+00 -9.6385000000e-01
752 7.5101000000e+00 -1.2498929800e+00 2.2963420000e+00
753 7.5201000000e+00 -1.2728564000e+00 -1.4079360000e+00
754 7.5301000000e+00 -1.2587770400e+00 1.1882330000e+00
755 7.5401000000e+00 -1.2706593700e+00 -4.8117000000e-01
756 7.5501000000e+00 -1.2658476700e+00 -7.8714000000e-02
757 7.5601000000e+00 -1.2650605300e+00 -5.0117000000e-02
758 7.5701000000e+00 -1.2645593600e+00 7.3482600000e-01
759 7.5801000000e+00 -1.2719076200e+00 6.8903100000e-01
760 7.5901000000e+00 -1.2787979300e+00 -1.9415540000e+00
761 7.6001000000e+00 -1.2593823900e+00 1.7367950000e+00
762 7.6101000000e+00 -1.2767503400e+00 6.9363900000e-01
763 7.6201000000e+00 -1.2836867300e+00 -1.2325650000e+00
764 7.6301000000e+00 -1.2713610800e+00 -5.2200300000e-01
765 7.6401000000e+00 -1.2661410500e+00 -1.8545600000e-01
766 7.6501000000e+00 -1.2642864900e+00 1.8905030000e+00
767 7.6601000000e+00 -1.2831915200e+00 -9.8539000000e-01
768 7.6701000000e+00 -1.2733376200e+00 1.5830990000e+00
769 7.6801000000e+00 -1.2891686100e+00 -1.1050140000e+00
770 7.6901000000e+00 -1.2781184700e+00 -2.4254900000e-01
771 7.7001000000e+00 -1.2756929800e+00 -7.5813300000e-01
772 7.7101000000e+00 -1.2681116500e+00 6.2438100000e-01
773 7.7201000000e+00 -1.2743554600e+00 -2.7264200000e-01
774 7.7301000000e+00 -1.2716290400e+00 -5.5938400000e-01
775 7.7401000000e+00 -1.2660352000e+00 8.7829000000e-02
776 7.7501000000e+00 -1.2669134900e+00 2.9709400000e-01
777 7.7601000000e+00 -1.2698844300e+00 6.9711500000e-01
778 7.7701000000e+00 -1.2768555800e+00 -1.2905810000e+00
779 7.7801000000e+00 -1.2639497700e+00 -1.0139840000e+00
780 7.7901000000e+00 -1.2538099300e+00 3.1145950000e+00
781 7.8001000000e+00 -1.2849558800e+00 -3.4448670000e+00
782 7.8101000000e+00 -1.2505072100e+00 9.0665500000e-01
783 7.8201000000e+00 -1.2595737600e+00 -3.2395000000e-01
784 7.8301000000e+00 -1.2563342600e+00 -4.5631800000e-01
785 7.8401000000e+00 -1.2517710800e+00 -1.2181430000e+00
786 7.8501000000e+00 -1.2395896500e+00 1.5129290000e+00
787 7.8601000000e+00 -1.2547189400e+00 -1.1163570000e+00
788 7.8701000000e+00 -1.2435553700e+00 -1.7046530000e+00
789 7.8801000000e+00 -1.2265088400e+00 1.0555740000e+00
790 7.8901000000e+00 -1.2370645800e+00 2.5406600000e-01
791 7.9001000000e+00 -1.2396052400e+00 -1.1205260000e+00
792 7.9101000000e+00 -1.2283999800e+00 7.3947000000e-02
793 7.9201000000e+00 -1.2291394500e+00 -3.3669000000e-01
794 7.9301000000e+00 -1.2257725500e+00 -2.5431500000e-01
795 7.9401000000e+00 -1.2232294000e+00 -9.1681500000e-01
796 7.9501000000e+00 -1.2140612500e+00 -6.7884400000e-01
797 7.9601000000e+00 -1.2072728100e+00 1.1846420000e+00
798 7.9701000000e+00 -1.2191192300e+00 -4.2537400000e-01
799 7.9801000000e+00 -1.2148654900e+00 -7.6899600000e-01
800 7.9901000000e+00 -1.2071755300e+00 -4.5730000000e-02
801 8.0001000000e+00 -1.2067182300e+00 -4.8916500000e-01
802 8.0101000000e+00 -1.2018265800e+00 -4.8635000000e-01
803 8.0201000000e+00 -1.1969630800e+00 -4.7899900000e-01
804 8.0301000000e+00 -1.1921730900e+00 -1.1961520000e+00
805 8.0401000000e+00 -1.1802115700e+00 1.5599730000e+00
806 8.0501000000e+00 -1.1958113000e+00 -1.8100040000e+00
807 8.0601000000e+00 -1.1777112600e+00 -5.5460200000e-01
808 8.0701000000e+00 -1.1721652400e+00 1.3713000000e-01
809 8.0801000000e+00 -1.1735365400e+00 -5.7872300000e-01
810 8.0901000000e+00 -1.1677493100e+00 3.6164600000e-01
811 8.1001000000e+00 -1.1713657700e+00 -2.2378620000e+00
812 8.1101000000e+00 -1.1489871500e+00 -1.3613800000e+00
813 8.1201000000e+00 -1.1353733500e+00 1.2780800000e-01
814 8.1301000000e+00 -1.1366514300e+00 -7.0048100000e-01
815 8.1401000000e+00 -1.1296466200e+00 7.7798400000e-01
816 8.1501000000e+00 -1.1374264600e+00 2.8091400000e-01
817 8.1601000000e+00 -1.1402356000e+00 -1.7672160000e+00
818 8.1701000000e+00 -1.1225634400e+00 1.7988600000e-01
819 8.1801000000e+00 -1.1243623000e+00 -1.4510300000e+00
820 8.1901000000e+00 -1.1098520000e+00 3.3586900000e-01
821 8.2001000000e+00 -1.1132106900e+00 -1.3618600000e-01
822 8.2101000000e+00 -1.1118488300e+00 -4.6854300000e-01
823 8.2201000000e+00 -1.1071634000e+00 5.5476500000e-01
824 8.2301000000e+00 -1.1127110500e+00 -2.9902880000e+00
825 8.2401000000e+00 -1.0828081700e+00 4.1566000000e-01
826 8.2501000000e+00 -1.0869647700e+00 -4.5428500000e-01
827 8.2601000000e+00 -1.0824219200e+00 -1.0133530000e+00
828 8.2701000000e+00 -1.0722883900e+00 -3.0692300000e-01
829 8.2801000000e+00 -1.0692191600e+00 -3.2754650000e-01
830 8.2901000000e+00 -1.0659436950e+00 -6.2312350000e-01
831 8.3001000000e+00 -1.0597124600e+00 -1.4547706000e+00
832 8.3101000000e+00 -1.0451647540e+00 -8.2849900000e-01
833 8.3201000000e+00 -1.0368797640e+00 7.1071130000e-01
834 8.3301000000e+00 -1.0439868770e+00 -9.4248570000e-01
835 8.3401000000e+00 -1.0345620200e+00 -2.3177470000e-01
836 8.3501000000e+00 -1.0322442730e+00 -8.6289130000e-01
837 8.3601000000e+00 -1.0236153600e+00 -1.0379460000e+00
838 8.3701000000e+00 -1.0132359000e+00 3.1415880000e-01
839 8.3801000000e+00 -1.0163774880e+00 -9.0545860000e-01
840 8.3901000000e+00 -1.0073229020e+00 -5.3739640000e-01
841 8.4001000000e+00 -1.0019489380e+00 1.3041660000e-01
842 8.4101000000e+00 -1.0032531040e+00 -1.1117768000e+00
843 8.4201000000e+00 -9.9213533600e-01 -2.7399360000e-01
844 8.4301000000e+00 -9.8939540000e-01 5.4312110000e-01
845 8.4401000000e+00 -9.9482661100e-01 -1.5766661000e+00
846 8.4501000000e+00 -9.7905995000e-01 -1.1894326000e+00
847 8.4601000000e+00 -9.6716562400e-01 -3.6067690000e-01
848 8.4701000000e+00 -9.6355885500e-01 6.3446830000e-01
849 8.4801000000e+00 -9.6990353800e-01 -1.7907282000e+00
850 8.4901000000e+00 -9.5199625600e-01 1.4403212000e+00
851 8.5001000000e+00 -9.6639946800e-01 -2.0518908000e+00
852 8.5101000000e+00 -9.4588056000e-01 -1.5115161000e+00
853 8.5201000000e+00 -9.3076539900e-01 1.0331548000e+00
854 8.5301000000e+00 -9.4109694700e-01 -7.1293770000e-01
855 8.5401000000e+00 -9.3396757000e-01 -9.8328110000e-01
856 8.5501000000e+00 -9.2413475900e-01 -1.6024500000e+00
857 8.5601000000e+00 -9.0811025900e-01 3.0222300000e-01
858 8.5701000000e+00 -9.1113248900e-01 -5.7210940000e-01
859 8.5801000000e+00 -9.0541139500e-01 -3.2029640000e-01
860 8.5901000000e+00 -9.0220843100e-01 -7.7140820000e-01
861 8.6001000000e+00 -8.9449434900e-01 7.1133600000e-02
862 8.6101000000e+00 -8.9520568500e-01 3.6689660000e-01
863 8.6201000000e+00 -8.9887465100e-01 -1.0834874000e+00
864 8.6301000000e+00 -8.8803977700e-01 -2.8807970000e-01
865 8.6401000000e+00 -8.8515898000e-01 -1.2353924000e+00
866 8.6501000000e+00 -8.7280505600e-01 -4.0256420000e-01
867 8.6601000000e+00 -8.6877941400e-01 -5.8066770000e-01
868 8.6701000000e+00 -8.6297273700e-01 -6.9101330000e-01
869 8.6801000000e+00 -8.5606260400e-01 7.1316880000e-01
870 8.6901000000e+00 -8.6319429200e-01 -1.3322653000e+00
871 8.7001000000e+00 -8.4987163900e-01 1.1175970000e-01
872 8.7101000000e+00 -8.5098923600e-01 -8.3993340000e-01
873 8.7201000000e+00 -8.4258990200e-01 -1.6339710000e-01
874 8.7301000000e+00 -8.4095593100e-01 1.3879170000e-01
875 8.7401000000e+00 -8.4234384800e-01 -1.4831989000e+00
876 8.7501000000e+00 -8.2751185900e-01 -2.0317650000e-01
877 8.7601000000e+00 -8.2548009400e-01 -3.2791330000e-01
878 8.7701000000e+00 -8.2220096100e-01 1.3549107000e+00
879 8.7801000000e+00 -8.3575006800e-01 -2.8460614000e+00
880 8.7901000000e+00 -8.0728945400e-01 8.0492630000e-01
881 8.8001000000e+00 -8.1533871700e-01 -1.0962239000e+00
882 8.8101000000e+00 -8.0437647800e-01 4.7529750000e-01
883 8.8201000000e+00 -8.0912945300e-01 2.0003200000e-01
884 8.8301000000e+00 -8.1112977300e-01 -1.7364710000e+00
885 8.8401000000e+00 -7.9376506300e-01 9.8680550000e-01
886 8.8501000000e+00 -8.0363311800e-01 -3.3106600000e-02
887 8.8601000000e+00 -8.0330205200e-01 -1.7148396000e+00
888 8.8701000000e+00 -7.8615365600e-01 2.6832420000e-01
889 8.8801000000e+00 -7.8883689800e-01 -1.1091479000e+00
890 8.8901000000e+00 -7.7774541900e-01 -6.9767700000e-02
891 8.9001000000e+00 -7.7704774200e-01 -1.9483490000e-01
892 8.9101000000e+00 -7.7509939300e-01 -4.7866580000e-01
893 8.9201000000e+00 -7.7031273500e-01 -1.0119486000e+00
894 8.9301000000e+00 -7.6019324900e-01 1.1307290000e+00
895 8.9401000000e+00 -7.7150053900e-01 -1.0574698000e+00
896 8.9501000000e+00 -7.6092584100e-01 -6.8191240000e-01
897 8.9601000000e+00 -7.5410671700e-01 3.6760800000e-01
898 8.9701000000e+00 -7.5778279700e-01 -7.3903930000e-01
899 8.9801000000e+00 -7.5039240400e-01 2.8185758000e+00
900 8.9901000000e+00 -7.7857816200e-01 -1.7714216000e+00
901 9.0001000000e+00 -7.6086394600e-01 -1.1114838000e+00
902 9.0101000000e+00 -7.4974910800e-01 -1.3499820000e-01
903 9.0201000000e+00 -7.4839912600e-01 -9.2466040000e-01
904 9.0301000000e+00 -7.3915252200e-01 8.2036080000e-01
905 9.0401000000e+00 -7.4735613000e-01 -2.1608937000e+00
906 9.0501000000e+00 -7.2574719300e-01 1.7920909000e+00
907 9.0601000000e+00 -7.4366810200e-01 -1.2287600000e-02
908 9.0701000000e+00 -7.4354522600e-01 -2.3042980000e+00
909 9.0801000000e+00 -7.2050224600e-01 9.1144170000e-01
910 9.0901000000e+00 -7.2961666300e-01 -8.3316960000e-01
911 9.1001000000e+00 -7.2128496700e-01 1.6355660000e-01
912 9.1101000000e+00 -7.2292053300e-01 -1.3091610000e-01
913 9.1201000000e+00 -7.2161137200e-01 -3.0551920000e-01
914 9.1301000000e+00 -7.1855618000e-01 -8.8962880000e-01
915 9.1401000000e+00 -7.0965989200e-01 1.6783440000e-01
916 9.1501000000e+00 -7.1133823600e-01 -4.9550960000e-01
917 9.1601000000e+00 -7.0638314000e-01 -2.4310410000e-01
918 9.1701000000e+00 -7.0395209900e-01 1.2425137000e+00
919 9.1801000000e+00 -7.1637723600e-01 -8.4044930000e-01
920 9.1901000000e+00 -7.0797274300e-01 -1.8329100000e-01
921 9.2001000000e+00 -7.0613983300e-01 1.0438440000e-01
922 9.2101000000e+00 -7.0718367700e-01 -9.7639290000e-01
923 9.2201000000e+00 -6.9741974800e-01 2.6045120000e-01
924 9.2301000000e+00 -7.0002426000e-01 -8.5656300000e-01
925 9.2401000000e+00 -6.9145863000e-01 4.0265130000e-01
926 9.2501000000e+00 -6.9548514300e-01 -5.3458120000e-01
927 9.2601000000e+00 -6.9013933100e-01 -3.7235420000e-01
928 9.2701000000e+00 -6.8641578900e-01 -3.7113200000e-02
929 9.2801000000e+00 -6.8604465700e-01 9.3607500000e-01
930 9.2901000000e+00 -6.9540540700e-01 4.1045100000e-01
931 9.3001000000e+00 -6.9950991700e-01 -5.9441660000e-01
932 9.3101000000e+00 -6.9356575100e-01 -2.0425080000e-01
933 9.3201000000e+00 -6.9152324300e-01 -2.0853830000e-01
934 9.3301000000e+00 -6.8943786000e-01 -2.3082490000e-01
935 9.3401000000e+00 -6.8712961100e-01 1.3248140000e-01
936 9.3501000000e+00 -6.8845442500e-01 -2.2065334000e+00
937 9.3601000000e+00 -6.6638909100e-01 1.3152695000e+00
938 9.3701000000e+00 -6.7954178600e-01 2.7413460000e-01
939 9.3801000000e+00 -6.8228313200e-01 -6.5330520000e-01
940 9.3901000000e+00 -6.7575008000e-01 -3.4300400000e-01
941 9.4001000000e+00 -6.7232004000e-01 3.5277680000e-01
942 9.4101000000e+00 -6.7584780800e-01 -2.3010980000e-01
943 9.4201000000e+00 -6.7354671000e-01 -2.2637200000e-02
944 9.4301000000e+00 -6.7332033800e-01 5.1344820000e-01
945 9.4401000000e+00 -6.7845482000e-01 1.1810090000e-01
946 9.4501000000e+00 -6.7963582900e-01 -4.6857160000e-01
947 9.4601000000e+00 -6.7495011300e-01 -2.9139450000e-01
948 9.4701000000e+00 -6.7203616800e-01 3.0387610000e-01
949 9.4801000000e+00 -6.7507492900e-01 -9.6230200000e-01
950 9.4901000000e+00 -6.6545190900e-01 1.3666905000e+00
951 9.5001000000e+00 -6.7911881400e-01 -5.6542060000e-01
952 9.5101000000e+00 -6.7346460800e-01 6.3451400000e-02
953 9.5201000000e+00 -6.7409912200e-01 -3.5868700000e-01
954 9.5301000000e+00 -6.7051225200e-01 -3.5565000000e-01
955 9.5401000000e+00 -6.6695575200e-01 -1.7770820000e-01
956 9.5501000000e+00 -6.6517867000e-01 5.0005550000e-01
957 9.5601000000e+00 -6.7017922500e-01 -2.1762770000e-01
958 9.5701000000e+00 -6.6800294800e-01 -9.7447000000e-02
959 9.5801000000e+00 -6.6702847800e-01 1.8330530000e-01
960 9.5901000000e+00 -6.6886153100e-01 -1.9574540000e-01
961 9.6001000000e+00 -6.6690407700e-01 -9.4450530000e-01
962 9.6101000000e+00 -6.5745902400e-01 -1.5496950000e-01
963 9.6201000000e+00 -6.5590932900e-01 3.2106930000e-01
964 9.6301000000e+00 -6.5912002200e-01 2.1757140000e-01
965 9.6401000000e+00 -6.6129573600e-01 8.2173730000e-01
966 9.6501000000e+00 -6.6951310900e-01 -9.1246470000e-01
967 9.6601000000e+00 -6.6038846200e-01 -8.2333100000e-02
968 9.6701000000e+00 -6.5956513100e-01 -4.6748910000e-01
969 9.6801000000e+00 -6.5489024000e-01 -7.4854250000e-01
970 9.6901000000e+00 -6.4740481500e-01 4.2569000000e-01
971 9.7001000000e+00 -6.5166171500e-01 -2.0236750000e-01
972 9.7101000000e+00 -6.4963804000e-01 1.7620390000e+00
973 9.7201000000e+00 -6.6725843000e-01 -1.9505084000e+00
974 9.7301000000e+00 -6.4775334600e-01 6.6334340000e-01
975 9.7401000000e+00 -6.5438678000e-01 -1.2397130000e+00
976 9.7501000000e+00 -6.4198965000e-01 7.1787820000e-01
977 9.7601000000e+00 -6.4916843200e-01 2.9847910000e-01
978 9.7701000000e+00 -6.5215322300e-01 -4.2469180000e-01
979 9.7801000000e+00 -6.4790630500e-01 3.7840070000e-01
980 9.7901000000e+00 -6.5169031200e-01 -5.6340730000e-01
981 9.8001000000e+00 -6.4605623900e-01 -6.5723460000e-01
982 9.8101000000e+00 -6.3948389300e-01 9.8421090000e-01
983 9.8201000000e+00 -6.4932600200e-01 -1.4904377000e+00
984 9.8301000000e+00 -6.3442162500e-01 6.8630730000e-01
985 9.8401000000e+00 -6.4128469800e-01 2.6321340000e-01
986 9.8501000000e+00 -6.4391683200e-01 -5.7609870000e-01
987 9.8601000000e+00 -6.3815584500e-01 -3.0045020000e-01
988 9.8701000000e+00 -6.3515134300e-01 1.1556088000e+00
989 9.8801000000e+00 -6.4670743100e-01 -1.8126557000e+00
990 9.8901000000e+00 -6.2858087400e-01 9.0144090000e-01
991 9.9001000000e+00 -6.3759528300e-01 -8.9866660000e-01
992 9.9101000000e+00 -6.2860861700e-01 6.9003240000e-01
993 9.9201000000e+00 -6.3550894100e-01 -1.0292066000e+00
994 9.9301000000e+00 -6.2521687500e-01 1.4845572000e+00
995 9.9401000000e+00 -6.4006244700e-01 -9.8292350000e-01
996 9.9501000000e+00 -6.3023321200e-01 -4.1771300000e-01
997 9.9601000000e+00 -6.2605608200e-01 -1.0695516000e+00
998 9.9701000000e+00 -6.1536056600e-01 1.2717288000e+00
999 9.9801000000e+00 -6.2807785400e-01 -3.3315570000e-01
1000 9.9901000000e+00 -6.2474629700e-01 -3.0078640000e-01
1001 1.0000100000e+01 -6.2173843300e-01 -1.3384560000e-01
1002 1.0010100000e+01 -6.2039997700e-01 -1.8357260000e-01
1003 1.0020100000e+01 -6.1856425100e-01 3.2452720000e-01
1004 1.0030100000e+01 -6.2180952300e-01 2.4176490000e-01
1005 1.0040100000e+01 -6.2422717200e-01 -5.6324660000e-01
1006 1.0050100000e+01 -6.1859470600e-01 3.2460840000e-01
1007 1.0060100000e+01 -6.2184079000e-01 -6.3969870000e-01
1008 1.0070100000e+01 -6.1544380300e-01 8.5901790000e-01
1009 1.0080100000e+01 -6.2403398200e-01 -5.9397840000e-01
1010 1.0090100000e+01 -6.1809419800e-01 -1.0343540000e-01
1011 1.0100100000e+01 -6.1705984400e-01 -1.0773379000e+00
1012 1.0110100000e+01 -6.0628646500e-01 8.0797090000e-01
1013 1.0120100000e+01 -6.1436617400e-01 -9.5805220000e-01
1014 1.0130100000e+01 -6.0478565200e-01 7.6583820000e-01
1015 1.0140100000e+01 -6.1244403400e-01 -1.0105980000e+00
1016 1.0150100000e+01 -6.0233805400e-01 9.4698610000e-01
1017 1.0160100000e+01 -6.1180791500e-01 -2.5252110000e-01
1018 1.0170100000e+01 -6.0928270400e-01 4.4348060000e-01
1019 1.0180100000e+01 -6.1371751000e-01 -7.4185560000e-01
1020 1.0190100000e+01 -6.0629895400e-01 -8.4947510000e-01
1021 1.0200100000e+01 -5.9780420300e-01 1.0956661000e+00
1022 1.0210100000e+01 -6.0876086400e-01 -1.4848922000e+00
1023 1.0220100000e+01 -5.9391194200e-01 4.7016920000e-01
1024 1.0230100000e+01 -5.9861363400e-01 -8.9024710000e-01
1025 1.0240100000e+01 -5.8971116300e-01 -8.4066210000e-01
1026 1.0250100000e+01 -5.8130454200e-01 7.2857090000e-01
1027 1.0260100000e+01 -5.8859025100e-01 7.3681500000e-01
1028 1.0270100000e+01 -5.9595840100e-01 -8.6387010000e-01
1029 1.0280100000e+01 -5.8731970000e-01 3.9291430000e-01
1030 1.0290100000e+01 -5.9124884300e-01 -9.0501990000e-01
1031 1.0300100000e+01 -5.8219864400e-01 1.3662200000e-01
1032 1.0310100000e+01 -5.8356486400e-01 -3.4154050000e-01
1033 1.0320100000e+01 -5.8014945900e-01 2.9171360000e-01
1034 1.0330100000e+01 -5.8306659500e-01 -9.7676440000e-01
1035 1.0340100000e+01 -5.7329895100e-01 7.9920550000e-01
1036 1.0350100000e+01 -5.8129100600e-01 1.3963930000e-01
1037 1.0360100000e+01 -5.8268739900e-01 -3.6970650000e-01
1038 1.0370100000e+01 -5.7899033400e-01 -1.5176607000e+00
1039 1.0380100000e+01 -5.6381372700e-01 6.0241100000e-02
1040 1.0390100000e+01 -5.6441613800e-01 5.1179060000e-01
1041 1.0400100000e+01 -5.6953404400e-01 -2.8944390000e-01
1042 1.0410100000e+01 -5.6663960500e-01 1.2862270000e-01
1043 1.0420100000e+01 -5.6792583200e-01 -4.6416400000e-02
1044 1.0430100000e+01 -5.6746166800e-01 -7.8507050000e-01
1045 1.0440100000e+01 -5.5961096300e-01 -6.5951300000e-02
1046 1.0450100000e+01 -5.5895145000e-01 -1.1621637000e+00
1047 1.0460100000e+01 -5.4732981300e-01 1.1563972000e+00
1048 1.0470100000e+01 -5.5889378500e-01 -1.3802080000e+00
1049 1.0480100000e+01 -5.4509170500e-01 -4.4570760000e-01
1050 1.0490100000e+01 -5.4063462900e-01 1.4669443000e+00
1051 1.0500100000e+01 -5.5530407200e-01 -1.2868326000e+00
1052 1.0510100000e+01 -5.4243574600e-01 -2.4409780000e-01
1053 1.0520100000e+01 -5.3999476800e-01 -3.2821970000e-01
1054 1.0530100000e+01 -5.3671257100e-01 -9.8921400000e-02
1055 1.0540100000e+01 -5.3572335700e-01 -8.0952800000e-02
1056 1.0550100000e+01 -5.3491382900e-01 -9.3578370000e-01
1057 1.0560100000e+01 -5.2555599200e-01 -2.5758250000e-01
1058 1.0570100000e+01 -5.2298016700e-01 -1.8641400000e-01
1059 1.0580100000e+01 -5.2111602700e-01 8.2500380000e-01
1060 1.0590100000e+01 -5.2936606500e-01 -3.4587160000e-01
1061 1.0600100000e+01 -5.2590734900e-01 -1.3294420000e-01
1062 1.0610100000e+01 -5.2457790700e-01 -8.0733660000e-01
1063 1.0620100000e+01 -5.1650454100e-01 -1.0340233000e+00
1064 1.0630100000e+01 -5.0616430800e-01 1.7212835000e+00
1065 1.0640100000e+01 -5.2337714300e-01 -1.7009391000e+00
1066 1.0650100000e+01 -5.0636775200e-01 -7.4903550000e-01
1067 1.0660100000e+01 -4.9887739700e-01 1.6763800000e-01
1068 1.0670100000e+01 -5.0055377700e-01 5.6870960000e-01
1069 1.0680100000e+01 -5.0624087300e-01 -8.3649300000e-02
1070 1.0690100000e+01 -5.0540438000e-01 -9.8685000000e-03
1071 1.0700100000e+01 -5.0530569500e-01 -1.1781631000e+00
1072 1.0710100000e+01 -4.9352406400e-01 1.2503736000e+00
1073 1.0720100000e+01 -5.0602780000e-01 -7.8805650000e-01
1074 1.0730100000e+01 -4.9814723500e-01 -1.2195006000e+00
1075 1.0740100000e+01 -4.8595222900e-01 4.6204090000e-01
1076 1.0750100000e+01 -4.9057263800e-01 -5.5821750000e-01
1077 1.0760100000e+01 -4.8499046300e-01 -6.9721970000e-01
1078 1.0770100000e+01 -4.7801826600e-01 2.7847810000e-01
1079 1.0780100000e+01 -4.8080304700e-01 -1.4750548000e+00
1080 1.0790100000e+01 -4.6605249900e-01 9.1768660000e-01
1081 1.0800100000e+01 -4.7522936500e-01 -2.5453950000e-01
1082 1.0810100000e+01 -4.7268397000e-01 -5.3149610000e-01
1083 1.0820100000e+01 -4.6736900900e-01 8.5614550000e-01
1084 1.0830100000e+01 -4.7593046400e-01 -1.7452397000e+00
1085 1.0840100000e+01 -4.5847806700e-01 1.5848447000e+00
1086 1.0850100000e+01 -4.7432651400e-01 -1.6313240000e+00
1087 1.0860100000e+01 -4.5801327400e-01 -7.9344860000e-01
1088 1.0870100000e+01 -4.5007878800e-01 3.2697020000e-01
1089 1.0880100000e+01 -4.5334849000e-01 -8.1842400000e-01
1090 1.0890100000e+01 -4.4516425000e-01 1.4922030000e-01
1091 1.0900100000e+01 -4.4665645300e-01 7.5031710000e-01
1092 1.0910100000e+01 -4.5415962400e-01 -1.9106469000e+00
1093 1.0920100000e+01 -4.3505315500e-01 3.8251240000e-01
1094 1.0930100000e+01 -4.3887827900e-01 -1.2116806000e+00
1095 1.0940100000e+01 -4.2676147300e-01 9.3103990000e-01
1096 1.0950100000e+01 -4.3607187200e-01 -2.3157800000e-01
1097 1.0960100000e+01 -4.3375609200e-01 -5.3161460000e-01
1098 1.0970100000e+01 -4.2843994600e-01 -7.5584180000e-01
1099 1.0980100000e+01 -4.2088152800e-01 -3.7555890000e-01
1100 1.0990100000e+01 -4.1712593900e-01 3.8249910000e-01
1101 1.1000100000e+01 -4.2095093000e-01 -9.8252460000e-01
1102 1.1010100000e+01 -4.1112568400e-01 7.8504400000e-02
1103 1.1020100000e+01 -4.1191072800e-01 2.6695490000e-01
1104 1.1030100000e+01 -4.1458027700e-01 -1.3460240000e-01
1105 1.1040100000e+01 -4.1323425300e-01 -8.9043360000e-01
1106 1.1050100000e+01 -4.0432991700e-01 3.7566250000e-01
1107 1.1060100000e+01 -4.0808654200e-01 -8.6175960000e-01
1108 1.1070100000e+01 -3.9946894600e-01 3.8492520000e-01
1109 1.1080100000e+01 -4.0331819800e-01 -1.2389989000e+00
1110 1.1090100000e+01 -3.9092820900e-01 1.7932357000e+00
1111 1.1100100000e+01 -4.0886056600e-01 -5.1073400000e-01
1112 1.1110100000e+01 -4.0375322600e-01 -2.0396239000e+00
1113 1.1120100000e+01 -3.8335698700e-01 -6.0519900000e-02
1114 1.1130100000e+01 -3.8275178800e-01 -6.2104990000e-01
1115 1.1140100000e+01 -3.7654128900e-01 1.1122271000e+00
1116 1.1150100000e+01 -3.8766356000e-01 -1.7516135000e+00
1117 1.1160100000e+01 -3.7014742500e-01 -2.3664780000e-01
1118 1.1170100000e+01 -3.6778094700e-01 -5.0612230000e-01
1119 1.1180100000e+01 -3.6271972400e-01 1.1164760000e-01
1120 1.1190100000e+01 -3.6383620000e-01 1.7960310000e+00
1121 1.1200100000e+01 -3.8179651000e-01 -2.4986681000e+00
1122 1.1210100000e+01 -3.5680982900e-01 -6.3039820000e-01
1123 1.1220100000e+01 -3.5050584700e-01 1.2371550000e-01
1124 1.1230100000e+01 -3.5174300200e-01 7.9639800000e-02
1125 1.1240100000e+01 -3.5253940000e-01 9.7829600000e-02
1126 1.1250100000e+01 -3.5351769600e-01 -3.7600100000e-01
1127 1.1260100000e+01 -3.4975768600e-01 2.7285070000e-01
1128 1.1270100000e+01 -3.5248619300e-01 -1.1747715000e+00
1129 1.1280100000e+01 -3.4073847800e-01 -1.3568175000e+00
1130 1.1290100000e+01 -3.2717030300e-01 -4.0582480000e-01
1131 1.1300100000e+01 -3.2311205500e-01 6.9438510000e-01
1132 1.1310100000e+01 -3.3005590600e-01 5.7301760000e-01
1133 1.1320100000e+01 -3.3578608200e-01 -1.1282021000e+00
1134 1.1330100000e+01 -3.2450406100e-01 -1.3745930000e-01
1135 1.1340100000e+01 -3.2312946800e-01 7.8907600000e-02
1136 1.1350100000e+01 -3.2391854400e-01 -1.6406786000e+00
1137 1.1360100000e+01 -3.0751175800e-01 1.1982196000e+00
1138 1.1370100000e+01 -3.1949395400e-01 -7.7535450000e-01
1139 1.1380100000e+01 -3.1174040900e-01 -1.5757710000e-01
1140 1.1390100000e+01 -3.1016463800e-01 -1.2053221000e+00
1141 1.1400100000e+01 -2.9811141700e-01 8.1609230000e-01
1142 1.1410100000e+01 -3.0627234000e-01 -9.4660460000e-01
1143 1.1420100000e+01 -2.9680629400e-01 -7.9667000000e-02
1144 1.1430100000e+01 -2.9600962400e-01 -3.3880270000e-01
1145 1.1440100000e+01 -2.9262159700e-01 -6.0084650000e-01
1146 1.1450100000e+01 -2.8661313200e-01 -5.0069360000e-01
1147 1.1460100000e+01 -2.8160619600e-01 4.9990560000e-01
1148 1.1470100000e+01 -2.8660525200e-01 8.2380760000e-01
1149 1.1480100000e+01 -2.9484332800e-01 -1.6647779000e+00
1150 1.1490100000e+01 -2.7819554900e-01 -1.3156220000e-01
1151 1.1500100000e+01 -2.7687992700e-01 -5.8760340000e-01
1152 1.1510100000e+01 -2.7100389300e-01 -1.9977700000e-02
1153 1.1520100000e+01 -2.7080411600e-01 -4.3477220000e-01
1154 1.1530100000e+01 -2.6645639400e-01 -3.8198360000e-01
1155 1.1540100000e+01 -2.6263655800e-01 -2.7562940000e-01
1156 1.1550100000e+01 -2.5988026400e-01 1.7715580000e-01
1157 1.1560100000e+01 -2.6165182200e-01 -3.8198540000e-01
1158 1.1570100000e+01 -2.5783196800e-01 4.2301570000e-01
1159 1.1580100000e+01 -2.6206212500e-01 -2.5856870000e-01
1160 1.1590100000e+01 -2.5947643800e-01 -7.4513470000e-01
1161 1.1600100000e+01 -2.5202509100e-01 -4.5045030000e-01
1162 1.1610100000e+01 -2.4752058800e-01 -5.1909500000e-02
1163 1.1620100000e+01 -2.4700149300e-01 -2.6646390000e-01
1164 1.1630100000e+01 -2.4433685400e-01 -8.5894254000e-01
1165 1.1640100000e+01 -2.3574742860e-01 -2.0406840000e-01
1166 1.1650100000e+01 -2.3370674460e-01 2.7059434000e-01
1167 1.1660100000e+01 -2.3641268800e-01 -7.1053500000e-01
1168 1.1670100000e+01 -2.2930733800e-01 -7.0906820000e-01
1169 1.1680100000e+01 -2.2221665600e-01 7.6239390000e-01
1170 1.1690100000e+01 -2.2984059500e-01 9.5017980000e-01
1171 1.1700100000e+01 -2.3934239300e-01 -1.9876842000e+00
1172 1.1710100000e+01 -2.1946555100e-01 -5.6468800000e-02
1173 1.1720100000e+01 -2.1890086300e-01 -9.7714860000e-02
1174 1.1730100000e+01 -2.1792371440e-01 -4.3161579000e-01
1175 1.1740100000e+01 -2.1360755650e-01 -6.4217950000e-02
1176 1.1750100000e+01 -2.1296537700e-01 7.2594640000e-01
1177 1.1760100000e+01 -2.2022484100e-01 -1.8103036000e+00
1178 1.1770100000e+01 -2.0212180500e-01 -2.7753790000e-01
1179 1.1780100000e+01 -1.9934642600e-01 3.7190685000e-01
1180 1.1790100000e+01 -2.0306549450e-01 -8.6895201000e-01
1181 1.1800100000e+01 -1.9437597440e-01 2.3711146000e-01
1182 1.1810100000e+01 -1.9674708900e-01 -1.2466957600e+00
1183 1.1820100000e+01 -1.8428013140e-01 5.3119116000e-01
1184 1.1830100000e+01 -1.8959204300e-01 2.3650400000e-02
1185 1.1840100000e+01 -1.8982854700e-01 -7.0021706000e-01
1186 1.1850100000e+01 -1.8282637640e-01 -7.0019345000e-01
1187 1.1860100000e+01 -1.7582444190e-01 7.6434510000e-02
1188 1.1870100000e+01 -1.7658878700e-01 -4.2906200000e-01
1189 1.1880100000e+01 -1.7229816700e-01 2.4460924000e-01
1190 1.1890100000e+01 -1.7474425940e-01 -7.8034864000e-01
1191 1.1900100000e+01 -1.6694077300e-01 4.9100310000e-02
1192 1.1910100000e+01 -1.6743177610e-01 1.1238730000e-02
1193 1.1920100000e+01 -1.6754416340e-01 -8.2157786000e-01
1194 1.1930100000e+01 -1.5932838480e-01 -3.3736144000e-01
1195 1.1940100000e+01 -1.5595477040e-01 -7.4835326000e-01
1196 1.1950100000e+01 -1.4847123780e-01 7.2315643000e-01
1197 1.1960100000e+01 -1.5570280210e-01 -7.9599946000e-01
1198 1.1970100000e+01 -1.4774280750e-01 -7.8343255000e-01
1199 1.1980100000e+01 -1.3990848200e-01 7.8634236000e-01
1200 1.1990100000e+01 -1.4777190560e-01 -9.5601460000e-02
1201 1.2000100000e+01 -1.4681589100e-01 -3.9330790000e-01
1202 1.2010100000e+01 -1.4288281200e-01 -4.7412210000e-01
1203 1.2020100000e+01 -1.3814159100e-01 6.3004615000e-01
1204 1.2030100000e+01 -1.4444205250e-01 -8.2890655000e-01
1205 1.2040100000e+01 -1.3615298700e-01 -2.0987989000e-01
1206 1.2050100000e+01 -1.3405418810e-01 -3.6239831000e-01
1207 1.2060100000e+01 -1.3043020500e-01 -2.5866587000e-01
1208 1.2070100000e+01 -1.2784354630e-01 -1.8924113000e-01
1209 1.2080100000e+01 -1.2595113500e-01 1.0340490600e+00
1210 1.2090100000e+01 -1.3629162560e-01 -8.5766990000e-01
1211 1.2100100000e+01 -1.2771492660e-01 -7.5657016000e-01
1212 1.2110100000e+01 -1.2014922500e-01 3.2611094000e-01
1213 1.2120100000e+01 -1.2341033440e-01 -1.4697830700e+00
1214 1.2130100000e+01 -1.0871250370e-01 4.2029772000e-01
1215 1.2140100000e+01 -1.1291548090e-01 -1.3453436700e+00
1216 1.2150100000e+01 -9.9462044200e-02 3.9473068000e-01
1217 1.2160100000e+01 -1.0340935100e-01 7.5532768000e-01
1218 1.2170100000e+01 -1.1096262780e-01 -4.8683740000e-01
1219 1.2180100000e+01 -1.0609425380e-01 -9.2409754000e-01
1220 1.2190100000e+01 -9.6853278400e-02 9.3084399000e-01
1221 1.2200100000e+01 -1.0616171830e-01 -3.0827827000e-01
1222 1.2210100000e+01 -1.0307893560e-01 -2.9740839000e-01
1223 1.2220100000e+01 -1.0010485170e-01 -6.6916162000e-01
1224 1.2230100000e+01 -9.3413235500e-02 5.2488880000e-02
1225 1.2240100000e+01 -9.3938124300e-02 -2.6477853000e-01
1226 1.2250100000e+01 -9.1290339000e-02 -4.8806327000e-01
1227 1.2260100000e+01 -8.6409706300e-02 3.8073240000e-02
1228 1.2270100000e+01 -8.6790438700e-02 -2.5447447000e-01
1229 1.2280100000e+01 -8.4245694000e-02 3.1202693000e-02
1230 1.2290100000e+01 -8.4557720930e-02 -2.6643205300e-01
1231 1.2300100000e+01 -8.1893400400e-02 -5.0142305000e-01
1232 1.2310100000e+01 -7.6879169900e-02 4.5415181800e-01
1233 1.2320100000e+01 -8.1420688080e-02 2.6426552000e-02
1234 1.2330100000e+01 -8.1684953600e-02 -1.1158337700e-01
1235 1.2340100000e+01 -8.0569119830e-02 -7.3551524500e-01
1236 1.2350100000e+01 -7.3213967380e-02 -1.6014029800e-01
1237 1.2360100000e+01 -7.1612564400e-02 -3.7825256000e-02
1238 1.2370100000e+01 -7.1234311840e-02 -1.0909401525e+00
1239 1.2380100000e+01 -6.0324910315e-02 4.4419934600e-03
1240 1.2390100000e+01 -6.0369330250e-02 3.8115809200e-01
1241 1.2400100000e+01 -6.4180911170e-02 -1.1947730640e+00
1242 1.2410100000e+01 -5.2233180530e-02 5.5214117000e-02
1243 1.2420100000e+01 -5.2785321700e-02 8.2033907300e-01
1244 1.2430100000e+01 -6.0988712430e-02 -4.6838978700e-01
1245 1.2440100000e+01 -5.6304814560e-02 -1.2673286610e+00
1246 1.2450100000e+01 -4.3631527950e-02 1.7294936370e+00
1247 1.2460100000e+01 -6.0926464320e-02 -2.3422093890e+00
1248 1.2470100000e+01 -3.7504370430e-02 7.2780353700e-01
1249 1.2480100000e+01 -4.4782405800e-02 -4.5770750000e-01
1250 1.2490100000e+01 -4.0205330800e-02 4.8319607000e-01
1251 1.2500100000e+01 -4.5037291500e-02 -3.7793036000e-01
1252 1.2510100000e+01 -4.1257987900e-02 5.8530114000e-02
1253 1.2520100000e+01 -4.1843289040e-02 -1.8455330000e-02
1254 1.2530100000e+01 -4.1658735740e-02 -1.2100483090e+00
1255 1.2540100000e+01 -2.9558252650e-02 1.2513795950e+00
1256 1.2550100000e+01 -4.2072048600e-02 -6.0393618400e-01
1257 1.2560100000e+01 -3.6032686760e-02 -4.9851689000e-01
1258 1.2570100000e+01 -3.1047517860e-02 -8.5120587600e-01
1259 1.2580100000e+01 -2.2535459100e-02 4.2301650000e-02
1260 1.2590100000e+01 -2.2958475600e-02 5.2470339300e-01
1261 1.2600100000e+01 -2.8205509530e-02 -9.4510739000e-01
1262 1.2610100000e+01 -1.8754435630e-02 1.7034906700e-01
1263 1.2620100000e+01 -2.0457926300e-02 -3.1205828000e-01
1264 1.2630100000e+01 -1.7337343500e-02 -7.0448644600e-01
1265 1.2640100000e+01 -1.0292479040e-02 9.8117919600e-01
1266 1.2650100000e+01 -2.0104271000e-02 -9.8683975000e-01
1267 1.2660100000e+01 -1.0235873500e-02 -7.8497754400e-01
1268 1.2670100000e+01 -2.3860980600e-03 1.3283194440e+00
1269 1.2680100000e+01 -1.5669292500e-02 -9.1605390500e-01
1270 1.2690100000e+01 -6.5087534500e-03 1.0399750050e+00
1271 1.2700100000e+01 -1.6908503500e-02 -2.1048475000e-01
1272 1.2710100000e+01 -1.4803656000e-02 -9.8677966700e-01
1273 1.2720100000e+01 -4.9358593300e-03 -2.8039377000e-02
1274 1.2730100000e+01 -4.6554655600e-03 -3.0451882600e-01
1275 1.2740100000e+01 -1.6102773000e-03 1.4647866300e-01
1276 1.2750100000e+01 -3.0750639300e-03 -8.9674533300e-01
1277 1.2760100000e+01 5.8923894000e-03 1.0279040950e+00
1278 1.2770100000e+01 -4.3866515500e-03 -1.1911356980e+00
1279 1.2780100000e+01 7.5247054300e-03 7.7625764800e-01
1280 1.2790100000e+01 -2.3787105000e-04 -1.0445945780e+00
1281 1.2800100000e+01 1.0208074730e-02 -1.1349265060e-01
1282 1.2810100000e+01 1.1343001236e-02 5.2277941160e-01
1283 1.2820100000e+01 6.1152071200e-03 -4.1072004300e-01
1284 1.2830100000e+01 1.0222407550e-02 -4.3949048600e-01
1285 1.2840100000e+01 1.4617312410e-02 -4.7104595700e-01
1286 1.2850100000e+01 1.9327771980e-02 7.4062620800e-01
1287 1.2860100000e+01 1.1921509900e-02 -1.1513929970e+00
1288 1.2870100000e+01 2.3435439870e-02 1.7814167558e+00
1289 1.2880100000e+01 5.6212723120e-03 -1.2743733888e+00
1290 1.2890100000e+01 1.8365006200e-02 -3.8962464500e-01
1291 1.2900100000e+01 2.2261252650e-02 3.2155519200e-01
1292 1.2910100000e+01 1.9045700730e-02 -7.1304180900e-01
1293 1.2920100000e+01 2.6176118820e-02 1.4105741200e-01
1294 1.2930100000e+01 2.4765544700e-02 -7.9563340000e-02
1295 1.2940100000e+01 2.5561178100e-02 6.2870215000e-02
1296 1.2950100000e+01 2.4932475950e-02 4.0721536500e-01
1297 1.2960100000e+01 2.0860322300e-02 -7.3844063500e-01
1298 1.2970100000e+01 2.8244728650e-02 7.8032846500e-01
1299 1.2980100000e+01 2.0441444000e-02 -7.1647175000e-01
1300 1.2990100000e+01 2.7606161500e-02 -5.5174689000e-01
1301 1.3000100000e+01 3.3123630400e-02 1.3158040100e-01
1302 1.3010100000e+01 3.1807826390e-02 -3.4234079100e-01
1303 1.3020100000e+01 3.5231234300e-02 -2.0378470600e-01
1304 1.3030100000e+01 3.7269081360e-02 -4.7666383400e-01
1305 1.3040100000e+01 4.2035719700e-02 1.1683945300e-01
1306 1.3050100000e+01 4.0867325170e-02 5.1965503500e-01
1307 1.3060100000e+01 3.5670774820e-02 -3.8050878300e-01
1308 1.3070100000e+01 3.9475862650e-02 1.2547921500e-01
1309 1.3080100000e+01 3.8221070500e-02 -3.9238146000e-01
1310 1.3090100000e+01 4.2144885100e-02 3.2740886500e-01
1311 1.3100100000e+01 3.8870796450e-02 -4.0726797300e-01
1312 1.3110100000e+01 4.2943476180e-02 -4.1903023200e-01
1313 1.3120100000e+01 4.7133778500e-02 1.5948829230e+00
1314 1.3130100000e+01 3.1184949270e-02 -1.3641496700e+00
1315 1.3140100000e+01 4.4826445970e-02 -2.0447296300e-01
1316 1.3150100000e+01 4.6871175600e-02 1.8419960600e-01
1317 1.3160100000e+01 4.5029179540e-02 -5.0649670900e-01
1318 1.3170100000e+01 5.0094146630e-02 9.0789873100e-01
1319 1.3180100000e+01 4.1015159320e-02 -1.3936068580e+00
1320 1.3190100000e+01 5.4951227900e-02 3.7727040000e-02
1321 1.3200100000e+01 5.4573957500e-02 -2.1211085000e-01
1322 1.3210100000e+01 5.6695066000e-02 8.0389375500e-01
1323 1.3220100000e+01 4.8656128450e-02 -1.6040389250e+00
1324 1.3230100000e+01 6.4696517700e-02 2.6156705200e+00
1325 1.3240100000e+01 3.8539812500e-02 -2.0836284600e+00
1326 1.3250100000e+01 5.9376097100e-02 5.9886199000e-01
1327 1.3260100000e+01 5.3387477200e-02 4.3338330000e-02
1328 1.3270100000e+01 5.2954093900e-02 3.5942283110e-01
1329 1.3280100000e+01 4.9359865589e-02 -4.4617711000e-03
1330 1.3290100000e+01 4.9404483300e-02 1.2119180000e-02
1331 1.3300100000e+01 4.9283291500e-02 -1.1373424617e+00
1332 1.3310100000e+01 6.0656716117e-02 8.6225506170e-01
1333 1.3320100000e+01 5.2034165500e-02 -8.7914350000e-01
1334 1.3330100000e+01 6.0825600500e-02 7.5027291000e-01
1335 1.3340100000e+01 5.3322871400e-02 -8.2765770000e-01
1336 1.3350100000e+01 6.1599448400e-02 6.8550230000e-01
1337 1.3360100000e+01 5.4744425400e-02 -1.0665127200e+00
1338 1.3370100000e+01 6.5409552600e-02 -3.8406356000e-01
1339 1.3380100000e+01 6.9250188200e-02 4.5172985000e-01
1340 1.3390100000e+01 6.4732889700e-02 5.9544098000e-01
1341 1.3400100000e+01 5.8778479900e-02 8.9309580000e-01
1342 1.3410100000e+01 4.9847521900e-02 -1.7246174800e+00
1343 1.3420100000e+01 6.7093696700e-02 2.5660716000e-01
1344 1.3430100000e+01 6.4527625100e-02 8.8065585000e-01
1345 1.3440100000e+01 5.5721066600e-02 -7.9767484000e-01
1346 1.3450100000e+01 6.3697815000e-02 -1.0342489000e-01
1347 1.3460100000e+01 6.4732063900e-02 -3.4638733000e-01
1348 1.3470100000e+01 6.8195937200e-02 2.5838053000e-01
1349 1.3480100000e+01 6.5612131900e-02 5.6209782000e-01
1350 1.3490100000e+01 5.9991153700e-02 2.9681139000e-01
1351 1.3500100000e+01 5.7023039800e-02 -5.8553360000e-01
1352 1.3510100000e+01 6.2878375800e-02 -1.6173240700e+00
1353 1.3520100000e+01 7.9051616500e-02 8.9270766000e-01
1354 1.3530100000e+01 7.0124539900e-02 9.6444848000e-01
1355 1.3540100000e+01 6.0480055100e-02 -1.1560819800e+00
1356 1.3550100000e+01 7.2040874900e-02 6.1165633000e-01
1357 1.3560100000e+01 6.5924311600e-02 -1.3601091000e-01
1358 1.3570100000e+01 6.7284420700e-02 -1.7006830000e-02
1359 1.3580100000e+01 6.7454489000e-02 2.3070134000e-01
1360 1.3590100000e+01 6.5147475600e-02 -4.0503244000e-01
1361 1.3600100000e+01 6.9197800000e-02 1.5588400000e-02
1362 1.3610100000e+01 6.9041916000e-02 -2.2177626000e-01
1363 1.3620100000e+01 7.1259678600e-02 4.5087140000e-02
1364 1.3630100000e+01 7.0808807200e-02 4.1111993000e-01
1365 1.3640100000e+01 6.6697607900e-02 -2.5921050000e-01
1366 1.3650100000e+01 6.9289712900e-02 4.4601805000e-01
1367 1.3660100000e+01 6.4829532400e-02 -8.7300036000e-01
1368 1.3670100000e+01 7.3559536000e-02 6.6444604000e-01
1369 1.3680100000e+01 6.6915075600e-02 8.0511050000e-01
1370 1.3690100000e+01 5.8863970600e-02 -8.2345977000e-01
1371 1.3700100000e+01 6.7098568300e-02 -3.5605903000e-01
1372 1.3710100000e+01 7.0659158600e-02 1.7742344000e-01
1373 1.3720100000e+01 6.8884924200e-02 -1.7495050000e-01
1374 1.3730100000e+01 7.0634429200e-02 1.0168356000e-01
1375 1.3740100000e+01 6.9617593600e-02 -6.1721910000e-01
1376 1.3750100000e+01 7.5789784600e-02 6.6583776000e-01
1377 1.3760100000e+01 6.9131407000e-02 3.4778168000e-01
1378 1.3770100000e+01 6.5653590200e-02 -1.5025012000e-01
1379 1.3780100000e+01 6.7156091400e-02 1.6051836000e-01
1380 1.3790100000e+01 6.5550907800e-02 -8.3618852000e-01
1381 1.3800100000e+01 7.3912793000e-02 4.0888138000e-01
1382 1.3810100000e+01 6.9823979200e-02 1.3113043000e-01
1383 1.3820100000e+01 6.8512674900e-02 3.7522350000e-02
1384 1.3830100000e+01 6.8137451400e-02 -6.6522778000e-01
1385 1.3840100000e+01 7.4789729200e-02 3.8897556000e-01
1386 1.3850100000e+01 7.0899973600e-02 5.9093834000e-01
1387 1.3860100000e+01 6.4990590200e-02 -1.8754036000e-01
1388 1.3870100000e+01 6.6865993800e-02 2.2582837000e-01
1389 1.3880100000e+01 6.4607710100e-02 -3.7861753000e-01
1390 1.3890100000e+01 6.8393885400e-02 -9.4351634000e-01
1391 1.3900100000e+01 7.7829048800e-02 9.6679221000e-01
1392 1.3910100000e+01 6.8161126700e-02 -2.9045367000e-01
1393 1.3920100000e+01 7.1065663400e-02 -2.0247084000e-01
1394 1.3930100000e+01 7.3090371800e-02 5.5907562000e-01
1395 1.3940100000e+01 6.7499615600e-02 8.8178179000e-01
1396 1.3950100000e+01 5.8681797700e-02 -9.1181247000e-01
1397 1.3960100000e+01 6.7799922400e-02 4.8443532000e-01
1398 1.3970100000e+01 6.2955569200e-02 -8.5716610000e-02
1399 1.3980100000e+01 6.3812735300e-02 -7.8539410000e-01
1400 1.3990100000e+01 7.1666676300e-02 1.7830673700e+00
1401 1.4000100000e+01 5.3836002600e-02 -8.4175096000e-01
1402 1.4010100000e+01 6.2253512200e-02 2.8541788000e-01
1403 1.4020100000e+01 5.9399333400e-02 -9.1627066000e-01
1404 1.4030100000e+01 6.8562040000e-02 5.2862120000e-01
1405 1.4040100000e+01 6.3275828000e-02 -1.2513660000e-01
1406 1.4050100000e+01 6.4527194000e-02 -2.2199212000e-01
1407 1.4060100000e+01 6.6747115200e-02 2.8452704000e-01
1408 1.4070100000e+01 6.3901844800e-02 3.2620671000e-01
1409 1.4080100000e+01 6.0639777700e-02 -3.2977188000e-01
1410 1.4090100000e+01 6.3937496500e-02 5.2509620000e-02
1411 1.4100100000e+01 6.3412400300e-02 3.0456977000e-01
1412 1.4110100000e+01 6.0366702600e-02 -1.4371759300e+00
1413 1.4120100000e+01 7.4738461900e-02 1.7650878270e+00
1414 1.4130100000e+01 5.7087583630e-02 7.1869403000e-02
1415 1.4140100000e+01 5.6368889600e-02 -6.8848482000e-01
1416 1.4150100000e+01 6.3253737800e-02 2.5721695000e-01
1417 1.4160100000e+01 6.0681568300e-02 5.6709214000e-01
1418 1.4170100000e+01 5.5010646900e-02 1.5547510000e-02
1419 1.4180100000e+01 5.4855171800e-02 -4.9575536000e-01
1420 1.4190100000e+01 5.9812725400e-02 9.6395080000e-02
1421 1.4200100000e+01 5.8848774600e-02 9.2907819000e-01
1422 1.4210100000e+01 4.9557992700e-02 -2.8077837000e-01
1423 1.4220100000e+01 5.2365776400e-02 -2.2906786000e-01
1424 1.4230100000e+01 5.4656455000e-02 -1.1292294000e-01
1425 1.4240100000e+01 5.5785684400e-02 -6.7837789000e-01
1426 1.4250100000e+01 6.2569463300e-02 9.4064574000e-01
1427 1.4260100000e+01 5.3163005900e-02 -5.5738190000e-01
1428 1.4270100000e+01 5.8736824900e-02 2.0257040000e-01
1429 1.4280100000e+01 5.6711120900e-02 3.0777707000e-01
1430 1.4290100000e+01 5.3633350200e-02 -7.5197620000e-02
1431 1.4300100000e+01 5.4385326400e-02 -1.1795548600e+00
1432 1.4310100000e+01 6.6180875000e-02 1.2925920800e+00
1433 1.4320100000e+01 5.3254954200e-02 -2.6927002000e-01
1434 1.4330100000e+01 5.5947654400e-02 2.5378774000e-01
1435 1.4340100000e+01 5.3409777000e-02 9.9594218000e-01
1436 1.4350100000e+01 4.3450355200e-02 -4.6849340000e-01
1437 1.4360100000e+01 4.8135289200e-02 6.1475614000e-01
1438 1.4370100000e+01 4.1987727800e-02 -4.6968949000e-01
1439 1.4380100000e+01 4.6684622700e-02 -1.5760091000e-01
1440 1.4390100000e+01 4.8260631800e-02 3.7196632000e-01
1441 1.4400100000e+01 4.4540968600e-02 -4.4955245000e-01
1442 1.4410100000e+01 4.9036493100e-02 4.4633238000e-01
1443 1.4420100000e+01 4.4573169300e-02 -9.0347483000e-01
1444 1.4430100000e+01 5.3607917600e-02 7.3881861000e-01
1445 1.4440100000e+01 4.6219731500e-02 -4.4007306000e-01
1446 1.4450100000e+01 5.0620462100e-02 1.0480350300e+00
1447 1.4460100000e+01 4.0140111800e-02 -2.7906093000e-01
1448 1.4470100000e+01 4.2930721100e-02 -2.2142407000e-01
1449 1.4480100000e+01 4.5144961800e-02 6.0391416000e-01
1450 1.4490100000e+01 3.9105820200e-02 -4.0279478000e-01
1451 1.4500100000e+01 4.3133768000e-02 4.3967443000e-01
1452 1.4510100000e+01 3.8737023700e-02 2.8656520000e-02
1453 1.4520100000e+01 3.8450458500e-02 -1.7952493700e+00
1454 1.4530100000e+01 5.6402952200e-02 1.9123879400e+00
1455 1.4540100000e+01 3.7279072800e-02 -4.9150127000e-01
1456 1.4550100000e+01 4.2194085500e-02 -9.2659040000e-02
1457 1.4560100000e+01 4.3120675900e-02 4.7683218000e-01
1458 1.4570100000e+01 3.8352354100e-02 1.5608990000e-02
1459 1.4580100000e+01 3.8196264200e-02 3.4104146000e-02
1460 1.4590100000e+01 3.7855222740e-02 1.7315468000e-01
1461 1.4600100000e+01 3.6123675940e-02 2.4412340100e-01
1462 1.4610100000e+01 3.3682441930e-02 -4.7463054700e-01
1463 1.4620100000e+01 3.8428747400e-02 1.3067402000e-01
1464 1.4630100000e+01 3.7122007200e-02 -7.9596103000e-01
1465 1.4640100000e+01 4.5081617500e-02 1.1808475600e+00
1466 1.4650100000e+01 3.3273141900e-02 -2.5455954000e-01
1467 1.4660100000e+01 3.5818737300e-02 3.9100041000e-01
1468 1.4670100000e+01 3.1908733200e-02 -3.3111608000e-01
1469 1.4680100000e+01 3.5219894000e-02 3.2471339000e-01
1470 1.4690100000e+01 3.1972760100e-02 8.6455743000e-02
1471 1.4700100000e+01 3.1108202670e-02 2.7662406200e-01
1472 1.4710100000e+01 2.8341962050e-02 -2.5244610500e-01
1473 1.4720100000e+01 3.0866423100e-02 -5.1035054000e-01
1474 1.4730100000e+01 3.5969928500e-02 1.2913637900e+00
1475 1.4740100000e+01 2.3056290600e-02 -7.1935816500e-01
1476 1.4750100000e+01 3.0249872250e-02 -7.8310523500e-01
1477 1.4760100000e+01 3.8080924600e-02 4.5499567000e-01
1478 1.4770100000e+01 3.3530967900e-02 5.6516449820e-01
1479 1.4780100000e+01 2.7879322918e-02 3.7991971800e-02
1480 1.4790100000e+01 2.7499403200e-02 -1.8683910000e-01
1481 1.4800100000e+01 2.9367794200e-02 7.8533580600e-01
1482 1.4810100000e+01 2.1514436140e-02 4.3534741200e-01
1483 1.4820100000e+01 1.7160962020e-02 -1.3553366280e+00
1484 1.4830100000e+01 3.0714328300e-02 4.8896444000e-02
1485 1.4840100000e+01 3.0225363860e-02 4.8180361600e-01
1486 1.4850100000e+01 2.5407327700e-02 7.6087687600e-01
1487 1.4860100000e+01 1.7798558940e-02 -9.9442345600e-01
1488 1.4870100000e+01 2.7742793500e-02 8.4155130200e-01
1489 1.4880100000e+01 1.9327280480e-02 -5.5591857900e-01
1490 1.4890100000e+01 2.4886466270e-02 8.5207747000e-02
1491 1.4900100000e+01 2.4034388800e-02 4.5894959400e-01
1492 1.4910100000e+01 1.9444892860e-02 -2.5804261400e-01
1493 1.4920100000e+01 2.2025319000e-02 1.5414752000e-01
1494 1.4930100000e+01 2.0483843800e-02 3.3892969500e-01
1495 1.4940100000e+01 1.7094546850e-02 5.2813072000e-01
1496 1.4950100000e+01 1.1813239650e-02 -7.2050191100e-01
1497 1.4960100000e+01 1.9018258760e-02 -1.4305713300e-01
1498 1.4970100000e+01 2.0448830090e-02 8.6352389900e-01
1499 1.4980100000e+01 1.1813591100e-02 -7.4334185300e-01
1500 1.4990100000e+01 1.9247009630e-02 -9.6723685000e-02
1501 1.5000100000e+01 2.0214246480e-02 8.8230146100e-01
1502 1.5010100000e+01 1.1391231870e-02 -2.1623869630e+00
1503 1.5020100000e+01 3.3015101500e-02 2.5534836758e+00
1504 1.5030100000e+01 7.4802647420e-03 -4.2645479580e-01
1505 1.5040100000e+01 1.1744812700e-02 -2.9320705000e-01
1506 1.5050100000e+01 1.4676883200e-02 2.7029004400e-01
1507 1.5060100000e+01 1.1973982760e-02 -3.6272944900e-01
1508 1.5070100000e+01 1.5601277250e-02 4.3116307000e-02
1509 1.5080100000e+01 1.5170114180e-02 -3.4421242500e-01
1510 1.5090100000e+01 1.8612238430e-02 -1.9583219700e-01
1511 1.5100100000e+01 2.0570560400e-02 8.3240071260e-01
1512 1.5110100000e+01 1.2246553274e-02 -5.3028301160e-01
1513 1.5120100000e+01 1.7549383390e-02 9.3785514200e-01
1514 1.5130100000e+01 8.1708319700e-03 9.5983759000e-02
1515 1.5140100000e+01 7.2109943800e-03 1.4189190500e-02
1516 1.5150100000e+01 7.0691024750e-03 -9.6913207330e-01
1517 1.5160100000e+01 1.6760423208e-02 4.4628075880e-01
1518 1.5170100000e+01 1.2297615620e-02 2.1802192500e-01
1519 1.5180100000e+01 1.0117396370e-02 -5.2881880460e-01
1520 1.5190100000e+01 1.5405584416e-02 2.4227625510e-01
1521 1.5200100000e+01 1.2982821865e-02 -1.0801123020e-01
1522 1.5210100000e+01 1.4062934167e-02 7.8408843370e-01
1523 1.5220100000e+01 6.2220498300e-03 -5.3434324200e-01
1524 1.5230100000e+01 1.1565482250e-02 -7.7791223200e-01
1525 1.5240100000e+01 1.9344604570e-02 7.1958273500e-01
1526 1.5250100000e+01 1.2148777220e-02 7.0354768890e-01
1527 1.5260100000e+01 5.1133003310e-03 2.5685447410e-01
1528 1.5270100000e+01 2.5447555900e-03 -2.2816995330e-01
1529 1.5280100000e+01 4.8264551230e-03 -2.0053714370e-01
1530 1.5290100000e+01 6.8318265600e-03 1.2260734900e-01
1531 1.5300100000e+01 5.6057530700e-03 1.6417718800e-01
1532 1.5310100000e+01 3.9639811900e-03 -8.3937208300e-01
1533 1.5320100000e+01 1.2357702020e-02 1.2678318253e+00
1534 1.5330100000e+01 -3.2061623300e-04 -7.4220731330e-01
1535 1.5340100000e+01 7.1014569000e-03 -7.8986686250e-01
1536 1.5350100000e+01 1.5000125525e-02 1.1047574745e+00
1537 1.5360100000e+01 3.9525507800e-03 5.2295722900e-01
1538 1.5370100000e+01 -1.2770215100e-03 1.2728688700e-01
1539 1.5380100000e+01 -2.5498903800e-03 -2.9484776900e-01
1540 1.5390100000e+01 3.9858731000e-04 -3.0523669678e-01
1541 1.5400100000e+01 3.4509542778e-03 2.8599271448e-01
1542 1.5410100000e+01 5.9102713300e-04 1.3305710790e-01
1543 1.5420100000e+01 -7.3954394600e-04 1.0283774040e-01
1544 1.5430100000e+01 -1.7679213500e-03 -1.9474708000e-01
1545 1.5440100000e+01 1.7954945000e-04 2.1558993000e-01
1546 1.5450100000e+01 -1.9763498500e-03 -6.8512232900e-01
1547 1.5460100000e+01 4.8748734400e-03 3.0468495130e-01
1548 1.5470100000e+01 1.8280239270e-03 -1.3604064630e-01
1549 1.5480100000e+01 3.1884303900e-03 5.4344914800e-01
1550 1.5490100000e+01 -2.2460610900e-03 -0.0000000000e+00
