VOTCA
N 1550 R 0.000100 15.500000

1 1.0000000002e-04 3.0505313128e+03 1.0000000000e+03
2 1.0100000000e-02 3.0405313128e+03 1.0000000000e+03
3 2.0100000000e-02 3.0305313128e+03 1.0000000000e+03
4 3.0100000000e-02 3.0205313128e+03 1.0000000000e+03
5 4.0100000000e-02 3.0105313128e+03 1.0000000000e+03
6 5.0100000000e-02 3.0005313128e+03 1.0000000000e+03
7 6.0100000000e-02 2.9905313128e+03 1.0000000000e+03
8 7.0100000000e-02 2.9805313128e+03 1.0000000000e+03
9 8.0100000000e-02 2.9705313128e+03 1.0000000000e+03
10 9.0100000000e-02 2.9605313128e+03 1.0000000000e+03
11 1.0010000000e-01 2.9505313128e+03 1.0000000000e+03
12 1.1010000000e-01 2.9405313128e+03 1.0000000000e+03
13 1.2010000000e-01 2.9305313128e+03 1.0000000000e+03
14 1.3010000000e-01 2.9205313128e+03 1.0000000000e+03
15 1.4010000000e-01 2.9105313128e+03 1.0000000000e+03
16 1.5010000000e-01 2.9005313128e+03 1.0000000000e+03
17 1.6010000000e-01 2.8905313128e+03 1.0000000000e+03
18 1.7010000000e-01 2.8805313128e+03 1.0000000000e+03
19 1.8010000000e-01 2.8705313128e+03 1.0000000000e+03
20 1.9010000000e-01 2.8605313128e+03 1.0000000000e+03
21 2.0010000000e-01 2.8505313128e+03 1.0000000000e+03
22 2.1010000000e-01 2.8405313128e+03 1.0000000000e+03
23 2.2010000000e-01 2.8305313128e+03 1.0000000000e+03
24 2.3010000000e-01 2.8205313128e+03 1.0000000000e+03
25 2.4010000000e-01 2.8105313128e+03 1.0000000000e+03
26 2.5010000000e-01 2.8005313128e+03 1.0000000000e+03
27 2.6010000000e-01 2.7905313128e+03 1.0000000000e+03
28 2.7010000000e-01 2.7805313128e+03 1.0000000000e+03
29 2.8010000000e-01 2.7705313128e+03 1.0000000000e+03
30 2.9010000000e-01 2.7605313128e+03 1.0000000000e+03
31 3.0010000000e-01 2.7505313128e+03 1.0000000000e+03
32 3.1010000000e-01 2.7405313128e+03 1.0000000000e+03
33 3.2010000000e-01 2.7305313128e+03 1.0000000000e+03
34 3.3010000000e-01 2.7205313128e+03 1.0000000000e+03
35 3.4010000000e-01 2.7105313128e+03 1.0000000000e+03
36 3.5010000000e-01 2.7005313128e+03 1.0000000000e+03
37 3.6010000000e-01 2.6905313128e+03 1.0000000000e+03
38 3.7010000000e-01 2.6805313128e+03 1.0000000000e+03
39 3.8010000000e-01 2.6705313128e+03 1.0000000000e+03
40 3.9010000000e-01 2.6605313128e+03 1.0000000000e+03
41 4.0010000000e-01 2.6505313128e+03 1.0000000000e+03
42 4.1010000000e-01 2.6405313128e+03 1.0000000000e+03
43 4.2010000000e-01 2.6305313128e+03 1.0000000000e+03
44 4.3010000000e-01 2.6205313128e+03 1.0000000000e+03
45 4.4010000000e-01 2.6105313128e+03 1.0000000000e+03
46 4.5010000000e-01 2.6005313128e+03 1.0000000000e+03
47 4.6010000000e-01 2.5905313128e+03 1.0000000000e+03
48 4.7010000000e-01 2.5805313128e+03 1.0000000000e+03
49 4.8010000000e-01 2.5705313128e+03 1.0000000000e+03
50 4.9010000000e-01 2.5605313128e+03 1.0000000000e+03
51 5.0010000000e-01 2.5505313128e+03 1.0000000000e+03
52 5.1010000000e-01 2.5405313128e+03 1.0000000000e+03
53 5.2010000000e-01 2.5305313128e+03 1.0000000000e+03
54 5.3010000000e-01 2.5205313128e+03 1.0000000000e+03
55 5.4010000000e-01 2.5105313128e+03 1.0000000000e+03
56 5.5010000000e-01 2.5005313128e+03 1.0000000000e+03
57 5.6010000000e-01 2.4905313128e+03 1.0000000000e+03
58 5.7010000000e-01 2.4805313128e+03 1.0000000000e+03
59 5.8010000000e-01 2.4705313128e+03 1.0000000000e+03
60 5.9010000000e-01 2.4605313128e+03 1.0000000000e+03
61 6.0010000000e-01 2.4505313128e+03 1.0000000000e+03
62 6.1010000000e-01 2.4405313128e+03 1.0000000000e+03
63 6.2010000000e-01 2.4305313128e+03 1.0000000000e+03
64 6.3010000000e-01 2.4205313128e+03 1.0000000000e+03
65 6.4010000000e-01 2.4105313128e+03 1.0000000000e+03
66 6.5010000000e-01 2.4005313128e+03 1.0000000000e+03
67 6.6010000000e-01 2.3905313128e+03 1.0000000000e+03
68 6.7010000000e-01 2.3805313128e+03 1.0000000000e+03
69 6.8010000000e-01 2.3705313128e+03 1.0000000000e+03
70 6.9010000000e-01 2.3605313128e+03 1.0000000000e+03
71 7.0010000000e-01 2.3505313128e+03 1.0000000000e+03
72 7.1010000000e-01 2.3405313128e+03 1.0000000000e+03
73 7.2010000000e-01 2.3305313128e+03 1.0000000000e+03
74 7.3010000000e-01 2.3205313128e+03 1.0000000000e+03
75 7.4010000000e-01 2.3105313128e+03 1.0000000000e+03
76 7.5010000000e-01 2.3005313128e+03 1.0000000000e+03
77 7.6010000000e-01 2.2905313128e+03 1.0000000000e+03
78 7.7010000000e-01 2.2805313128e+03 1.0000000000e+03
79 7.8010000000e-01 2.2705313128e+03 1.0000000000e+03
80 7.9010000000e-01 2.2605313128e+03 1.0000000000e+03
81 8.0010000000e-01 2.2505313128e+03 1.0000000000e+03
82 8.1010000000e-01 2.2405313128e+03 1.0000000000e+03
83 8.2010000000e-01 2.2305313128e+03 1.0000000000e+03
84 8.3010000000e-01 2.2205313128e+03 1.0000000000e+03
85 8.4010000000e-01 2.2105313128e+03 1.0000000000e+03
86 8.5010000000e-01 2.2005313128e+03 1.0000000000e+03
87 8.6010000000e-01 2.1905313128e+03 1.0000000000e+03
88 8.7010000000e-01 2.1805313128e+03 1.0000000000e+03
89 8.8010000000e-01 2.1705313128e+03 1.0000000000e+03
90 8.9010000000e-01 2.1605313128e+03 1.0000000000e+03
91 9.0010000000e-01 2.1505313128e+03 1.0000000000e+03
92 9.1010000000e-01 2.1405313128e+03 1.0000000000e+03
93 9.2010000000e-01 2.1305313128e+03 1.0000000000e+03
94 9.3010000000e-01 2.1205313128e+03 1.0000000000e+03
95 9.4010000000e-01 2.1105313128e+03 1.0000000000e+03
96 9.5010000000e-01 2.1005313128e+03 1.0000000000e+03
97 9.6010000000e-01 2.0905313128e+03 1.0000000000e+03
98 9.7010000000e-01 2.0805313128e+03 1.0000000000e+03
99 9.8010000000e-01 2.0705313128e+03 1.0000000000e+03
100 9.9010000000e-01 2.0605313128e+03 1.0000000000e+03
101 1.0001000000e+00 2.0505313128e+03 1.0000000000e+03
102 1.0101000000e+00 2.0405313128e+03 1.0000000000e+03
103 1.0201000000e+00 2.0305313128e+03 1.0000000000e+03
104 1.0301000000e+00 2.0205313128e+03 1.0000000000e+03
105 1.0401000000e+00 2.0105313128e+03 1.0000000000e+03
106 1.0501000000e+00 2.0005313128e+03 1.0000000000e+03
107 1.0601000000e+00 1.9905313128e+03 1.0000000000e+03
108 1.0701000000e+00 1.9805313128e+03 1.0000000000e+03
109 1.0801000000e+00 1.9705313128e+03 1.0000000000e+03
110 1.0901000000e+00 1.9605313128e+03 1.0000000000e+03
111 1.1001000000e+00 1.9505313128e+03 1.0000000000e+03
112 1.1101000000e+00 1.9405313128e+03 1.0000000000e+03
113 1.1201000000e+00 1.9305313128e+03 1.0000000000e+03
114 1.1301000000e+00 1.9205313128e+03 1.0000000000e+03
115 1.1401000000e+00 1.9105313128e+03 1.0000000000e+03
116 1.1501000000e+00 1.9005313128e+03 1.0000000000e+03
117 1.1601000000e+00 1.8905313128e+03 1.0000000000e+03
118 1.1701000000e+00 1.8805313128e+03 1.0000000000e+03
119 1.1801000000e+00 1.8705313128e+03 1.0000000000e+03
120 1.1901000000e+00 1.8605313128e+03 1.0000000000e+03
121 1.2001000000e+00 1.8505313128e+03 1.0000000000e+03
122 1.2101000000e+00 1.8405313128e+03 1.0000000000e+03
123 1.2201000000e+00 1.8305313128e+03 1.0000000000e+03
124 1.2301000000e+00 1.8205313128e+03 1.0000000000e+03
125 1.2401000000e+00 1.8105313128e+03 1.0000000000e+03
126 1.2501000000e+00 1.8005313128e+03 1.0000000000e+03
127 1.2601000000e+00 1.7905313128e+03 1.0000000000e+03
128 1.2701000000e+00 1.7805313128e+03 1.0000000000e+03
129 1.2801000000e+00 1.7705313128e+03 1.0000000000e+03
130 1.2901000000e+00 1.7605313128e+03 1.0000000000e+03
131 1.3001000000e+00 1.7505313128e+03 1.0000000000e+03
132 1.3101000000e+00 1.7405313128e+03 1.0000000000e+03
133 1.3201000000e+00 1.7305313128e+03 1.0000000000e+03
134 1.3301000000e+00 1.7205313128e+03 1.0000000000e+03
135 1.3401000000e+00 1.7105313128e+03 1.0000000000e+03
136 1.3501000000e+00 1.7005313128e+03 1.0000000000e+03
137 1.3601000000e+00 1.6905313128e+03 1.0000000000e+03
138 1.3701000000e+00 1.6805313128e+03 1.0000000000e+03
139 1.3801000000e+00 1.6705313128e+03 1.0000000000e+03
140 1.3901000000e+00 1.6605313128e+03 1.0000000000e+03
141 1.4001000000e+00 1.6505313128e+03 1.0000000000e+03
142 1.4101000000e+00 1.6405313128e+03 1.0000000000e+03
143 1.4201000000e+00 1.6305313128e+03 1.0000000000e+03
144 1.4301000000e+00 1.6205313128e+03 1.0000000000e+03
145 1.4401000000e+00 1.6105313128e+03 1.0000000000e+03
146 1.4501000000e+00 1.6005313128e+03 1.0000000000e+03
147 1.4601000000e+00 1.5905313128e+03 1.0000000000e+03
148 1.4701000000e+00 1.5805313128e+03 1.0000000000e+03
149 1.4801000000e+00 1.5705313128e+03 1.0000000000e+03
150 1.4901000000e+00 1.5605313128e+03 1.0000000000e+03
151 1.5001000000e+00 1.5505313128e+03 1.0000000000e+03
152 1.5101000000e+00 1.5405313128e+03 1.0000000000e+03
153 1.5201000000e+00 1.5305313128e+03 1.0000000000e+03
154 1.5301000000e+00 1.5205313128e+03 1.0000000000e+03
155 1.5401000000e+00 1.5105313128e+03 1.0000000000e+03
156 1.5501000000e+00 1.5005313128e+03 1.0000000000e+03
157 1.5601000000e+00 1.4905313128e+03 1.0000000000e+03
158 1.5701000000e+00 1.4805313128e+03 1.0000000000e+03
159 1.5801000000e+00 1.4705313128e+03 1.0000000000e+03
160 1.5901000000e+00 1.4605313128e+03 1.0000000000e+03
161 1.6001000000e+00 1.4505313128e+03 1.0000000000e+03
162 1.6101000000e+00 1.4405313128e+03 1.0000000000e+03
163 1.6201000000e+00 1.4305313128e+03 1.0000000000e+03
164 1.6301000000e+00 1.4205313128e+03 1.0000000000e+03
165 1.6401000000e+00 1.4105313128e+03 1.0000000000e+03
166 1.6501000000e+00 1.4005313128e+03 1.0000000000e+03
167 1.6601000000e+00 1.3905313128e+03 1.0000000000e+03
168 1.6701000000e+00 1.3805313128e+03 1.0000000000e+03
169 1.6801000000e+00 1.3705313128e+03 1.0000000000e+03
170 1.6901000000e+00 1.3605313128e+03 1.0000000000e+03
171 1.7001000000e+00 1.3505313128e+03 1.0000000000e+03
172 1.7101000000e+00 1.3405313128e+03 1.0000000000e+03
173 1.7201000000e+00 1.3305313128e+03 1.0000000000e+03
174 1.7301000000e+00 1.3205313128e+03 1.0000000000e+03
175 1.7401000000e+00 1.3105313128e+03 1.0000000000e+03
176 1.7501000000e+00 1.3005313128e+03 1.0000000000e+03
177 1.7601000000e+00 1.2905313128e+03 1.0000000000e+03
178 1.7701000000e+00 1.2805313128e+03 1.0000000000e+03
179 1.7801000000e+00 1.2705313128e+03 1.0000000000e+03
180 1.7901000000e+00 1.2605313128e+03 1.0000000000e+03
181 1.8001000000e+00 1.2505313128e+03 1.0000000000e+03
182 1.8101000000e+00 1.2405313128e+03 1.0000000000e+03
183 1.8201000000e+00 1.2305313128e+03 1.0000000000e+03
184 1.8301000000e+00 1.2205313128e+03 1.0000000000e+03
185 1.8401000000e+00 1.2105313128e+03 1.0000000000e+03
186 1.8501000000e+00 1.2005313128e+03 1.0000000000e+03
187 1.8601000000e+00 1.1905313128e+03 1.0000000000e+03
188 1.8701000000e+00 1.1805313128e+03 1.0000000000e+03
189 1.8801000000e+00 1.1705313128e+03 1.0000000000e+03
190 1.8901000000e+00 1.1605313128e+03 1.0000000000e+03
191 1.9001000000e+00 1.1505313128e+03 1.0000000000e+03
192 1.9101000000e+00 1.1405313128e+03 1.0000000000e+03
193 1.9201000000e+00 1.1305313128e+03 1.0000000000e+03
194 1.9301000000e+00 1.1205313128e+03 1.0000000000e+03
195 1.9401000000e+00 1.1105313128e+03 1.0000000000e+03
196 1.9501000000e+00 1.1005313128e+03 1.0000000000e+03
197 1.9601000000e+00 1.0905313128e+03 1.0000000000e+03
198 1.9701000000e+00 1.0805313128e+03 1.0000000000e+03
199 1.9801000000e+00 1.0705313128e+03 1.0000000000e+03
200 1.9901000000e+00 1.0605313128e+03 1.0000000000e+03
201 2.0001000000e+00 1.0505313128e+03 1.0000000000e+03
202 2.0101000000e+00 1.0405313128e+03 1.0000000000e+03
203 2.0201000000e+00 1.0305313128e+03 1.0000000000e+03
204 2.0301000000e+00 1.0205313128e+03 1.0000000000e+03
205 2.0401000000e+00 1.0105313128e+03 1.0000000000e+03
206 2.0501000000e+00 1.0005313128e+03 1.0000000000e+03
207 2.0601000000e+00 9.9053131280e+02 1.0000000000e+03
208 2.0701000000e+00 9.8053131280e+02 1.0000000000e+03
209 2.0801000000e+00 9.7053131280e+02 1.0000000000e+03
210 2.0901000000e+00 9.6053131280e+02 1.0000000000e+03
211 2.1001000000e+00 9.5053131280e+02 1.0000000000e+03
212 2.1101000000e+00 9.4053131280e+02 1.0000000000e+03
213 2.1201000000e+00 9.3053131280e+02 1.0000000000e+03
214 2.1301000000e+00 9.2053131280e+02 1.0000000000e+03
215 2.1401000000e+00 9.1053131280e+02 1.0000000000e+03
216 2.1501000000e+00 9.0053131280e+02 1.0000000000e+03
217 2.1601000000e+00 8.9053131280e+02 1.0000000000e+03
218 2.1701000000e+00 8.8053131280e+02 1.0000000000e+03
219 2.1801000000e+00 8.7053131280e+02 1.0000000000e+03
220 2.1901000000e+00 8.6053131280e+02 1.0000000000e+03
221 2.2001000000e+00 8.5053131280e+02 1.0000000000e+03
222 2.2101000000e+00 8.4053131280e+02 1.0000000000e+03
223 2.2201000000e+00 8.3053131280e+02 1.0000000000e+03
224 2.2301000000e+00 8.2053131280e+02 1.0000000000e+03
225 2.2401000000e+00 8.1053131280e+02 1.0000000000e+03
226 2.2501000000e+00 8.0053131280e+02 1.0000000000e+03
227 2.2601000000e+00 7.9053131280e+02 1.0000000000e+03
228 2.2701000000e+00 7.8053131280e+02 1.0000000000e+03
229 2.2801000000e+00 7.7053131280e+02 1.0000000000e+03
230 2.2901000000e+00 7.6053131280e+02 1.0000000000e+03
231 2.3001000000e+00 7.5053131280e+02 1.0000000000e+03
232 2.3101000000e+00 7.4053131280e+02 1.0000000000e+03
233 2.3201000000e+00 7.3053131280e+02 1.0000000000e+03
234 2.3301000000e+00 7.2053131280e+02 1.0000000000e+03
235 2.3401000000e+00 7.1053131280e+02 1.0000000000e+03
236 2.3501000000e+00 7.0053131280e+02 1.0000000000e+03
237 2.3601000000e+00 6.9053131280e+02 1.0000000000e+03
238 2.3701000000e+00 6.8053131280e+02 1.0000000000e+03
239 2.3801000000e+00 6.7053131280e+02 1.0000000000e+03
240 2.3901000000e+00 6.6053131280e+02 1.0000000000e+03
241 2.4001000000e+00 6.5053131280e+02 1.0000000000e+03
242 2.4101000000e+00 6.4053131280e+02 1.0000000000e+03
243 2.4201000000e+00 6.3053131280e+02 1.0000000000e+03
244 2.4301000000e+00 6.2053131280e+02 1.0000000000e+03
245 2.4401000000e+00 6.1053131280e+02 1.0000000000e+03
246 2.4501000000e+00 6.0053131280e+02 1.0000000000e+03
247 2.4601000000e+00 5.9053131280e+02 1.0000000000e+03
248 2.4701000000e+00 5.8053131280e+02 1.0000000000e+03
249 2.4801000000e+00 5.7053131280e+02 1.0000000000e+03
250 2.4901000000e+00 5.6053131280e+02 1.0000000000e+03
251 2.5001000000e+00 5.5053131280e+02 1.0000000000e+03
252 2.5101000000e+00 5.4053131280e+02 1.0000000000e+03
253 2.5201000000e+00 5.3053131280e+02 1.0000000000e+03
254 2.5301000000e+00 5.2053131280e+02 1.0000000000e+03
255 2.5401000000e+00 5.1053131280e+02 1.0000000000e+03
256 2.5501000000e+00 5.0053131280e+02 1.0000000000e+03
257 2.5601000000e+00 4.9053131280e+02 1.0000000000e+03
258 2.5701000000e+00 4.8053131280e+02 1.0000000000e+03
259 2.5801000000e+00 4.7053131280e+02 1.0000000000e+03
260 2.5901000000e+00 4.6053131280e+02 1.0000000000e+03
261 2.6001000000e+00 4.5053131280e+02 1.0000000000e+03
262 2.6101000000e+00 4.4053131280e+02 1.0000000000e+03
263 2.6201000000e+00 4.3053131280e+02 1.0000000000e+03
264 2.6301000000e+00 4.2053131280e+02 1.0000000000e+03
265 2.6401000000e+00 4.1053131280e+02 1.0000000000e+03
266 2.6501000000e+00 4.0053131280e+02 1.0000000000e+03
267 2.6601000000e+00 3.9053131280e+02 1.0000000000e+03
268 2.6701000000e+00 3.8053131280e+02 1.0000000000e+03
269 2.6801000000e+00 3.7053131280e+02 1.0000000000e+03
270 2.6901000000e+00 3.6053131280e+02 1.0000000000e+03
271 2.7001000000e+00 3.5053131280e+02 1.0000000000e+03
272 2.7101000000e+00 3.4053131280e+02 1.0000000000e+03
273 2.7201000000e+00 3.3053131280e+02 1.0000000000e+03
274 2.7301000000e+00 3.2053131280e+02 1.0000000000e+03
275 2.7401000000e+00 3.1053131280e+02 1.0000000000e+03
276 2.7501000000e+00 3.0053131280e+02 1.0000000000e+03
277 2.7601000000e+00 2.9053131280e+02 1.0000000000e+03
278 2.7701000000e+00 2.8053131280e+02 1.0000000000e+03
279 2.7801000000e+00 2.7053131280e+02 1.0000000000e+03
280 2.7901000000e+00 2.6053131280e+02 1.0000000000e+03
281 2.8001000000e+00 2.5053131280e+02 1.0000000000e+03
282 2.8101000000e+00 2.4053131280e+02 1.0000000000e+03
283 2.8201000000e+00 2.3053131280e+02 1.0000000000e+03
284 2.8301000000e+00 2.2053131280e+02 1.0000000000e+03
285 2.8401000000e+00 2.1053131280e+02 1.0000000000e+03
286 2.8501000000e+00 2.0053131280e+02 1.0000000000e+03
287 2.8601000000e+00 1.9053131280e+02 1.0000000000e+03
288 2.8701000000e+00 1.8053131280e+02 1.0000000000e+03
289 2.8801000000e+00 1.7053131280e+02 1.0000000000e+03
290 2.8901000000e+00 1.6053131280e+02 1.0000000000e+03
291 2.9001000000e+00 1.5053131280e+02 1.0000000000e+03
292 2.9101000000e+00 1.4053131280e+02 1.0000000000e+03
293 2.9201000000e+00 1.3053131280e+02 1.0000000000e+03
294 2.9301000000e+00 1.2053131280e+02 1.0000000000e+03
295 2.9401000000e+00 1.1053131280e+02 1.0000000000e+03
296 2.9501000000e+00 1.0053131280e+02 1.0000000000e+03
297 2.9601000000e+00 9.0531312800e+01 1.0000000000e+03
298 2.9701000000e+00 8.0531312800e+01 1.0000000000e+03
299 2.9801000000e+00 7.0531312800e+01 1.0000000000e+03
300 2.9901000000e+00 6.0531312800e+01 1.0000000000e+03
301 3.0001000000e+00 5.0531312800e+01 -1.5153460000e+01
302 3.0101000000e+00 5.0682847400e+01 1.4277987000e+02
303 3.0201000000e+00 4.9255048700e+01 5.1586580000e+01
304 3.0301000000e+00 4.8739182900e+01 1.9732378000e+02
305 3.0401000000e+00 4.6765945100e+01 7.5870000000e-01
306 3.0501000000e+00 4.6758358100e+01 1.1351998000e+02
307 3.0601000000e+00 4.5623158300e+01 -1.2838900000e+01
308 3.0701000000e+00 4.5751547300e+01 1.8440620000e+02
309 3.0801000000e+00 4.3907485300e+01 5.1794050000e+01
310 3.0901000000e+00 4.3389544800e+01 1.6607111000e+02
311 3.1001000000e+00 4.1728833700e+01 -6.5496410000e+01
312 3.1101000000e+00 4.2383797800e+01 -1.0278243000e+02
313 3.1201000000e+00 4.3411622100e+01 7.0737100000e+00
314 3.1301000000e+00 4.3340885000e+01 3.2839463000e+02
315 3.1401000000e+00 4.0056938700e+01 -8.2641190000e+01
316 3.1501000000e+00 4.0883350600e+01 7.5763040000e+01
317 3.1601000000e+00 4.0125720200e+01 2.5987400000e+00
318 3.1701000000e+00 4.0099732800e+01 1.9130388000e+02
319 3.1801000000e+00 3.8186694000e+01 4.5991130000e+01
320 3.1901000000e+00 3.7726782700e+01 -8.2554830000e+01
321 3.2001000000e+00 3.8552331000e+01 7.1780380000e+01
322 3.2101000000e+00 3.7834527200e+01 9.1682620000e+01
323 3.2201000000e+00 3.6917701000e+01 2.2447825000e+02
324 3.2301000000e+00 3.4672918500e+01 3.1923000000e+01
325 3.2401000000e+00 3.4353688500e+01 -5.2287610000e+01
326 3.2501000000e+00 3.4876564600e+01 4.2087280000e+01
327 3.2601000000e+00 3.4455691800e+01 1.5393360000e+01
328 3.2701000000e+00 3.4301758200e+01 1.7163048000e+02
329 3.2801000000e+00 3.2585453400e+01 7.0925910000e+01
330 3.2901000000e+00 3.1876194300e+01 3.2079980000e+01
331 3.3001000000e+00 3.1555394500e+01 -1.1876510000e+02
332 3.3101000000e+00 3.2743045500e+01 1.6574687000e+02
333 3.3201000000e+00 3.1085576800e+01 -3.5542550000e+01
334 3.3301000000e+00 3.1441002300e+01 4.8243990000e+01
335 3.3401000000e+00 3.0958562400e+01 -1.0783290000e+01
336 3.3501000000e+00 3.1066395300e+01 2.9688110000e+01
337 3.3601000000e+00 3.0769514200e+01 5.8787660000e+01
338 3.3701000000e+00 3.0181637600e+01 4.2712570000e+01
339 3.3801000000e+00 2.9754511900e+01 8.7922100000e+01
340 3.3901000000e+00 2.8875290900e+01 -5.8166390000e+01
341 3.4001000000e+00 2.9456954800e+01 1.5310578000e+02
342 3.4101000000e+00 2.7925897000e+01 -3.2004500000e+00
343 3.4201000000e+00 2.7957901500e+01 2.0221330000e+01
344 3.4301000000e+00 2.7755688200e+01 1.0407726000e+02
345 3.4401000000e+00 2.6714915600e+01 5.9842000000e+01
346 3.4501000000e+00 2.6116495600e+01 3.9888020000e+01
347 3.4601000000e+00 2.5717615400e+01 -1.0150194000e+02
348 3.4701000000e+00 2.6732634800e+01 1.0881316000e+02
349 3.4801000000e+00 2.5644503200e+01 7.8985750000e+01
350 3.4901000000e+00 2.4854645700e+01 -3.2259670000e+01
351 3.5001000000e+00 2.5177242400e+01 1.2268731000e+02
352 3.5101000000e+00 2.3950369300e+01 1.2295150000e+01
353 3.5201000000e+00 2.3827417800e+01 -1.0503184000e+02
354 3.5301000000e+00 2.4877736200e+01 8.5463630000e+01
355 3.5401000000e+00 2.4023099900e+01 8.1618100000e+01
356 3.5501000000e+00 2.3206918900e+01 -6.2397300000e+01
357 3.5601000000e+00 2.3830891900e+01 7.1116130000e+01
358 3.5701000000e+00 2.3119730600e+01 -1.8939430000e+01
359 3.5801000000e+00 2.3309124900e+01 5.7745460000e+01
360 3.5901000000e+00 2.2731670300e+01 4.5247210000e+01
361 3.6001000000e+00 2.2279198200e+01 6.4170130000e+01
362 3.6101000000e+00 2.1637496900e+01 2.8157200000e+00
363 3.6201000000e+00 2.1609339700e+01 1.9887480000e+01
364 3.6301000000e+00 2.1410464900e+01 3.1973000000e-01
365 3.6401000000e+00 2.1407267600e+01 4.8274955000e+01
366 3.6501000000e+00 2.0924518050e+01 1.5153285000e+01
367 3.6601000000e+00 2.0772985200e+01 1.5180440000e+01
368 3.6701000000e+00 2.0621180800e+01 4.8930300000e+00
369 3.6801000000e+00 2.0572250500e+01 3.9605110000e+01
370 3.6901000000e+00 2.0176199400e+01 2.5464290000e+01
371 3.7001000000e+00 1.9921556500e+01 1.1001770000e+01
372 3.7101000000e+00 1.9811538800e+01 1.1871190000e+01
373 3.7201000000e+00 1.9692826900e+01 1.1334030000e+01
374 3.7301000000e+00 1.9579486600e+01 3.6723330000e+01
375 3.7401000000e+00 1.9212253300e+01 3.1564280000e+01
376 3.7501000000e+00 1.8896610500e+01 4.3065900000e+01
377 3.7601000000e+00 1.8465951500e+01 -2.9993500000e+00
378 3.7701000000e+00 1.8495945000e+01 1.0340800000e+01
379 3.7801000000e+00 1.8392537000e+01 4.3123915000e+01
380 3.7901000000e+00 1.7961297850e+01 6.5684475000e+01
381 3.8001000000e+00 1.7304453100e+01 -1.5883800000e+01
382 3.8101000000e+00 1.7463291100e+01 -3.2030470000e+01
383 3.8201000000e+00 1.7783595800e+01 2.2458460000e+01
384 3.8301000000e+00 1.7559011200e+01 3.7571400000e+01
385 3.8401000000e+00 1.7183297200e+01 2.1878780000e+01
386 3.8501000000e+00 1.6964509400e+01 2.1593270000e+01
387 3.8601000000e+00 1.6748576700e+01 6.4093000000e+00
388 3.8701000000e+00 1.6684483700e+01 1.6970445000e+01
389 3.8801000000e+00 1.6514779250e+01 1.2250955000e+01
390 3.8901000000e+00 1.6392269700e+01 4.4855435000e+01
391 3.9001000000e+00 1.5943715350e+01 -1.2956550000e+01
392 3.9101000000e+00 1.6073280850e+01 8.6294300000e+00
393 3.9201000000e+00 1.5986986550e+01 4.3040045000e+01
394 3.9301000000e+00 1.5556586100e+01 -1.2550500000e+01
395 3.9401000000e+00 1.5682091100e+01 4.1665400000e+01
396 3.9501000000e+00 1.5265437100e+01 -1.4164620000e+01
397 3.9601000000e+00 1.5407083300e+01 2.7637350000e+01
398 3.9701000000e+00 1.5130709800e+01 7.1645200000e+00
399 3.9801000000e+00 1.5059064600e+01 3.2455965000e+01
400 3.9901000000e+00 1.4734504950e+01 4.1253620000e+01
401 4.0001000000e+00 1.4321968750e+01 1.3365275000e+01
402 4.0101000000e+00 1.4188316000e+01 2.0366670000e+01
403 4.0201000000e+00 1.3984649300e+01 6.7163280000e+01
404 4.0301000000e+00 1.3313016500e+01 2.9088530000e+01
405 4.0401000000e+00 1.3022131200e+01 3.4033720000e+01
406 4.0501000000e+00 1.2681794000e+01 1.9645255000e+01
407 4.0601000000e+00 1.2485341450e+01 6.1813705000e+01
408 4.0701000000e+00 1.1867204400e+01 3.5288230000e+01
409 4.0801000000e+00 1.1514322100e+01 4.1546130000e+01
410 4.0901000000e+00 1.1098860800e+01 3.5409590000e+01
411 4.1001000000e+00 1.0744764900e+01 5.4517700000e+00
412 4.1101000000e+00 1.0690247200e+01 1.3792080000e+01
413 4.1201000000e+00 1.0552326400e+01 -3.0249135000e+01
414 4.1301000000e+00 1.0854817750e+01 3.9232250000e+00
415 4.1401000000e+00 1.0815585500e+01 2.9485660000e+01
416 4.1501000000e+00 1.0520728900e+01 -1.6175900000e+00
417 4.1601000000e+00 1.0536904800e+01 1.9501665000e+01
418 4.1701000000e+00 1.0341888150e+01 2.5307215000e+01
419 4.1801000000e+00 1.0088816000e+01 1.3456625000e+01
420 4.1901000000e+00 9.9542497500e+00 1.7523545000e+01
421 4.2001000000e+00 9.7790143000e+00 -4.7368500000e+00
422 4.2101000000e+00 9.8263828000e+00 3.2238350000e+00
423 4.2201000000e+00 9.7941444500e+00 2.6449150000e+00
424 4.2301000000e+00 9.7676953000e+00 1.9072135000e+01
425 4.2401000000e+00 9.5769739500e+00 1.3507765000e+01
426 4.2501000000e+00 9.4418963000e+00 2.7096520000e+01
427 4.2601000000e+00 9.1709311000e+00 1.8668800000e+00
428 4.2701000000e+00 9.1522623000e+00 2.0059585000e+01
429 4.2801000000e+00 8.9516664500e+00 2.5460895000e+01
430 4.2901000000e+00 8.6970575000e+00 1.6296939000e+01
431 4.3001000000e+00 8.5340881100e+00 1.4683047000e+01
432 4.3101000000e+00 8.3872576400e+00 2.1504276000e+01
433 4.3201000000e+00 8.1722148800e+00 2.9074423000e+01
434 4.3301000000e+00 7.8814706500e+00 2.7560038000e+01
435 4.3401000000e+00 7.6058702700e+00 3.0188466000e+01
436 4.3501000000e+00 7.3039856100e+00 1.5130622000e+01
437 4.3601000000e+00 7.1526793900e+00 -2.7490400000e+00
438 4.3701000000e+00 7.1801697900e+00 2.5365975000e+01
439 4.3801000000e+00 6.9265100400e+00 1.5369687000e+01
440 4.3901000000e+00 6.7728131700e+00 1.9257271000e+01
441 4.4001000000e+00 6.5802404600e+00 1.4075997000e+01
442 4.4101000000e+00 6.4394804900e+00 3.3566550000e+00
443 4.4201000000e+00 6.4059139400e+00 1.8908656000e+01
444 4.4301000000e+00 6.2168273800e+00 -3.6205870000e+00
445 4.4401000000e+00 6.2530332500e+00 2.0363674000e+01
446 4.4501000000e+00 6.0493965100e+00 8.1563840000e+00
447 4.4601000000e+00 5.9678326700e+00 1.1771344000e+01
448 4.4701000000e+00 5.8501192300e+00 6.3310890000e+00
449 4.4801000000e+00 5.7868083400e+00 2.4881710000e+00
450 4.4901000000e+00 5.7619266300e+00 1.8351884000e+01
451 4.5001000000e+00 5.5784077900e+00 1.0936792000e+01
452 4.5101000000e+00 5.4690398700e+00 1.0144370000e+00
453 4.5201000000e+00 5.4588955000e+00 1.2054960000e+01
454 4.5301000000e+00 5.3383459000e+00 1.4420351000e+01
455 4.5401000000e+00 5.1941423900e+00 1.3456452000e+01
456 4.5501000000e+00 5.0595778700e+00 9.2100500000e+00
457 4.5601000000e+00 4.9674773700e+00 1.0159400000e+01
458 4.5701000000e+00 4.8658833700e+00 1.2936778000e+01
459 4.5801000000e+00 4.7365155900e+00 4.4916970000e+00
460 4.5901000000e+00 4.6915986200e+00 1.0831500000e+01
461 4.6001000000e+00 4.5832836200e+00 6.3565650000e+00
462 4.6101000000e+00 4.5197179700e+00 7.6673330000e+00
463 4.6201000000e+00 4.4430446400e+00 4.8804020000e+00
464 4.6301000000e+00 4.3942406200e+00 5.9260130000e+00
465 4.6401000000e+00 4.3349804900e+00 5.6653490000e+00
466 4.6501000000e+00 4.2783270000e+00 1.5708152000e+01
467 4.6601000000e+00 4.1212454800e+00 4.3001780000e+00
468 4.6701000000e+00 4.0782437000e+00 1.0750714000e+01
469 4.6801000000e+00 3.9707365600e+00 1.5155577000e+01
470 4.6901000000e+00 3.8191807900e+00 2.5691220000e+00
471 4.7001000000e+00 3.7934895700e+00 9.3856150000e+00
472 4.7101000000e+00 3.6996334200e+00 1.1686840000e+01
473 4.7201000000e+00 3.5827650200e+00 4.8193650000e+00
474 4.7301000000e+00 3.5345713700e+00 5.4498450000e+00
475 4.7401000000e+00 3.4800729200e+00 8.7250330000e+00
476 4.7501000000e+00 3.3928225900e+00 5.2802950000e+00
477 4.7601000000e+00 3.3400196400e+00 7.6176580000e+00
478 4.7701000000e+00 3.2638430600e+00 1.6342730000e+00
479 4.7801000000e+00 3.2475003300e+00 6.8277300000e-01
480 4.7901000000e+00 3.2406726000e+00 9.0506610000e+00
481 4.8001000000e+00 3.1501659900e+00 2.9465430000e+00
482 4.8101000000e+00 3.1207005600e+00 7.9543450000e+00
483 4.8201000000e+00 3.0411571100e+00 9.3922330000e+00
484 4.8301000000e+00 2.9472347800e+00 5.7791630000e+00
485 4.8401000000e+00 2.8894431500e+00 1.1610506000e+01
486 4.8501000000e+00 2.7733380900e+00 -2.3725500000e-01
487 4.8601000000e+00 2.7757106400e+00 8.3708990000e+00
488 4.8701000000e+00 2.6920016500e+00 3.6727940000e+00
489 4.8801000000e+00 2.6552737100e+00 3.4448590000e+00
490 4.8901000000e+00 2.6208251200e+00 2.8290760000e+00
491 4.9001000000e+00 2.5925343600e+00 3.8790290000e+00
492 4.9101000000e+00 2.5537440700e+00 5.6390770000e+00
493 4.9201000000e+00 2.4973533000e+00 4.6534070000e+00
494 4.9301000000e+00 2.4508192300e+00 7.9878120000e+00
495 4.9401000000e+00 2.3709411100e+00 5.7606910000e+00
496 4.9501000000e+00 2.3133342000e+00 1.1137570000e+00
497 4.9601000000e+00 2.3021966300e+00 5.9593400000e+00
498 4.9701000000e+00 2.2426032300e+00 1.6914830000e+00
499 4.9801000000e+00 2.2256884000e+00 7.4713900000e+00
500 4.9901000000e+00 2.1509745000e+00 8.7690500000e-01
501 5.0001000000e+00 2.1422054500e+00 4.7015490000e+00
502 5.0101000000e+00 2.0951899600e+00 5.3527650000e+00
503 5.0201000000e+00 2.0416623100e+00 3.7979160000e+00
504 5.0301000000e+00 2.0036831500e+00 5.1026820000e+00
505 5.0401000000e+00 1.9526563300e+00 7.2927590000e+00
506 5.0501000000e+00 1.8797287400e+00 7.7852300000e-01
507 5.0601000000e+00 1.8719435100e+00 5.0305660000e+00
508 5.0701000000e+00 1.8216378500e+00 1.5605140000e+00
509 5.0801000000e+00 1.8060327100e+00 4.0441110000e+00
510 5.0901000000e+00 1.7655916000e+00 4.9959670000e+00
511 5.1001000000e+00 1.7156319300e+00 4.7911290000e+00
512 5.1101000000e+00 1.6677206400e+00 2.2790690000e+00
513 5.1201000000e+00 1.6449299500e+00 3.9153870000e+00
514 5.1301000000e+00 1.6057760800e+00 2.1332540000e+00
515 5.1401000000e+00 1.5844435400e+00 3.7228590000e+00
516 5.1501000000e+00 1.5472149500e+00 -2.8634300000e-01
517 5.1601000000e+00 1.5500783800e+00 4.5944480000e+00
518 5.1701000000e+00 1.5041339000e+00 2.2923930000e+00
519 5.1801000000e+00 1.4812099700e+00 3.0357080000e+00
520 5.1901000000e+00 1.4508528900e+00 4.8947234000e+00
521 5.2001000000e+00 1.4019056560e+00 6.2770960000e-01
522 5.2101000000e+00 1.3956285600e+00 3.0162420000e+00
523 5.2201000000e+00 1.3654661400e+00 4.8912474000e+00
524 5.2301000000e+00 1.3165536660e+00 3.6130016000e+00
525 5.2401000000e+00 1.2804236500e+00 3.0491290000e+00
526 5.2501000000e+00 1.2499323600e+00 -1.1188040000e-01
527 5.2601000000e+00 1.2510511640e+00 1.2704878000e+00
528 5.2701000000e+00 1.2383462860e+00 2.4359316000e+00
529 5.2801000000e+00 1.2139869700e+00 3.9891510000e+00
530 5.2901000000e+00 1.1740954600e+00 -1.3094890000e+00
531 5.3001000000e+00 1.1871903500e+00 8.8464333000e+00
532 5.3101000000e+00 1.0987260170e+00 4.8088975000e+00
533 5.3201000000e+00 1.0506370420e+00 2.5035557000e+00
534 5.3301000000e+00 1.0256014850e+00 6.8263437000e+00
535 5.3401000000e+00 9.5733804800e-01 7.7798450000e-01
536 5.3501000000e+00 9.4955820300e-01 5.9266355000e+00
537 5.3601000000e+00 8.9029184800e-01 3.9486239000e+00
538 5.3701000000e+00 8.5080560900e-01 3.0958461000e+00
539 5.3801000000e+00 8.1984714800e-01 2.2150761000e+00
540 5.3901000000e+00 7.9769638700e-01 5.1268573000e+00
541 5.4001000000e+00 7.4642781400e-01 1.7423323000e+00
542 5.4101000000e+00 7.2900449100e-01 3.6564327000e+00
543 5.4201000000e+00 6.9244016400e-01 6.5928620000e-01
544 5.4301000000e+00 6.8584730200e-01 4.7747318000e+00
545 5.4401000000e+00 6.3809998400e-01 2.6808789000e+00
546 5.4501000000e+00 6.1129119500e-01 4.4733835000e+00
547 5.4601000000e+00 5.6655736000e-01 5.1165310000e-01
548 5.4701000000e+00 5.6144082900e-01 3.1679012000e+00
549 5.4801000000e+00 5.2976181700e-01 3.3176500000e-01
550 5.4901000000e+00 5.2644416700e-01 2.9975455000e+00
551 5.5001000000e+00 4.9646871200e-01 4.1588681000e+00
552 5.5101000000e+00 4.5488003100e-01 1.6268912000e+00
553 5.5201000000e+00 4.3861111900e-01 5.5361870000e-01
554 5.5301000000e+00 4.3307493200e-01 2.7420924000e+00
555 5.5401000000e+00 4.0565400800e-01 1.8457582000e+00
556 5.5501000000e+00 3.8719642600e-01 1.5229582000e+00
557 5.5601000000e+00 3.7196684400e-01 3.6952951200e+00
558 5.5701000000e+00 3.3501389280e-01 2.0820775600e+00
559 5.5801000000e+00 3.1419311720e-01 2.4515562200e+00
560 5.5901000000e+00 2.8967755500e-01 -1.9806200000e-01
561 5.6001000000e+00 2.9165817500e-01 1.8215525000e+00
562 5.6101000000e+00 2.7344265000e-01 3.2008031300e+00
563 5.6201000000e+00 2.4143461870e-01 5.7847381000e-01
564 5.6301000000e+00 2.3564988060e-01 3.8865760200e+00
565 5.6401000000e+00 1.9678412040e-01 2.5493677400e+00
566 5.6501000000e+00 1.7129044300e-01 -9.4591410000e-01
567 5.6601000000e+00 1.8074958400e-01 3.0218379600e+00
568 5.6701000000e+00 1.5053120440e-01 6.6399739000e-01
569 5.6801000000e+00 1.4389123050e-01 2.1870918500e+00
570 5.6901000000e+00 1.2202031200e-01 1.6305824600e+00
571 5.7001000000e+00 1.0571448740e-01 1.3236741400e+00
572 5.7101000000e+00 9.2477746000e-02 1.6320068800e+00
573 5.7201000000e+00 7.6157677200e-02 3.6049674400e+00
574 5.7301000000e+00 4.0108002800e-02 1.7756534000e-01
575 5.7401000000e+00 3.8332349400e-02 -1.2738691000e-01
576 5.7501000000e+00 3.9606218500e-02 4.2364093210e+00
577 5.7601000000e+00 -2.7578747100e-03 8.2495113900e-01
578 5.7701000000e+00 -1.1007386100e-02 2.8976882250e+00
579 5.7801000000e+00 -3.9984268350e-02 -5.1862276800e-01
580 5.7901000000e+00 -3.4798040670e-02 1.5690965030e+00
581 5.8001000000e+00 -5.0489005700e-02 2.3190698900e+00
582 5.8101000000e+00 -7.3679704600e-02 6.5304890000e-01
583 5.8201000000e+00 -8.0210193600e-02 7.9533559000e-01
584 5.8301000000e+00 -8.8163549500e-02 3.0276415700e+00
585 5.8401000000e+00 -1.1843996520e-01 1.6251919800e+00
586 5.8501000000e+00 -1.3469188500e-01 3.8730895000e-01
587 5.8601000000e+00 -1.3856497450e-01 1.9871914000e+00
588 5.8701000000e+00 -1.5843688850e-01 7.7025680000e-02
589 5.8801000000e+00 -1.5920714530e-01 1.5431859700e+00
590 5.8901000000e+00 -1.7463900500e-01 2.0527448000e+00
591 5.9001000000e+00 -1.9516645300e-01 -9.8986240000e-01
592 5.9101000000e+00 -1.8526782900e-01 2.3998375000e+00
593 5.9201000000e+00 -2.0926620400e-01 2.5328861000e+00
594 5.9301000000e+00 -2.3459506500e-01 -5.1539480000e-01
595 5.9401000000e+00 -2.2944111700e-01 1.3145998000e+00
596 5.9501000000e+00 -2.4258711500e-01 8.8989460000e-01
597 5.9601000000e+00 -2.5148606100e-01 1.4429781000e+00
598 5.9701000000e+00 -2.6591584200e-01 3.3963952000e+00
599 5.9801000000e+00 -2.9987979400e-01 -6.7620590000e-01
600 5.9901000000e+00 -2.9311773500e-01 1.4255569600e+00
601 6.0001000000e+00 -3.0737330460e-01 1.8363093700e+00
602 6.0101000000e+00 -3.2573639830e-01 1.3956832400e+00
603 6.0201000000e+00 -3.3969323070e-01 6.8711431000e-01
604 6.0301000000e+00 -3.4656437380e-01 2.7614439000e-01
605 6.0401000000e+00 -3.4932581770e-01 6.5832049383e-01
606 6.0501000000e+00 -3.5590902264e-01 5.5575310617e-01
607 6.0601000000e+00 -3.6146655370e-01 1.2414804300e+00
608 6.0701000000e+00 -3.7388135800e-01 1.0076359700e+00
609 6.0801000000e+00 -3.8395771770e-01 3.1527273000e-01
610 6.0901000000e+00 -3.8711044500e-01 2.0082139000e+00
611 6.1001000000e+00 -4.0719258400e-01 2.9700160000e-02
612 6.1101000000e+00 -4.0748958560e-01 6.1886174000e-01
613 6.1201000000e+00 -4.1367820300e-01 1.6078555000e+00
614 6.1301000000e+00 -4.2975675800e-01 4.9712390000e-01
615 6.1401000000e+00 -4.3472799700e-01 9.6139700000e-02
616 6.1501000000e+00 -4.3568939400e-01 9.8146400000e-01
617 6.1601000000e+00 -4.4550403400e-01 1.7471118000e+00
618 6.1701000000e+00 -4.6297515200e-01 1.3590410000e-01
619 6.1801000000e+00 -4.6433419300e-01 9.3822120000e-01
620 6.1901000000e+00 -4.7371640500e-01 1.9912026000e+00
621 6.2001000000e+00 -4.9362843100e-01 -4.8319840000e-01
622 6.2101000000e+00 -4.8879644700e-01 1.0154158000e+00
623 6.2201000000e+00 -4.9895060500e-01 3.8450270000e-01
624 6.2301000000e+00 -5.0279563200e-01 3.6623690000e-01
625 6.2401000000e+00 -5.0645800100e-01 2.6073091000e+00
626 6.2501000000e+00 -5.3253109200e-01 3.4751880000e-01
627 6.2601000000e+00 -5.3600628000e-01 -1.2930090000e-01
628 6.2701000000e+00 -5.3471327100e-01 1.1734194000e+00
629 6.2801000000e+00 -5.4644746500e-01 3.2673430000e-01
630 6.2901000000e+00 -5.4971480800e-01 9.4218600000e-01
631 6.3001000000e+00 -5.5913666800e-01 9.4581930000e-01
632 6.3101000000e+00 -5.6859486100e-01 -6.9232400000e-01
633 6.3201000000e+00 -5.6167162100e-01 1.5850664000e+00
634 6.3301000000e+00 -5.7752228500e-01 -1.7703536000e+00
635 6.3401000000e+00 -5.5981874900e-01 1.2970101000e+00
636 6.3501000000e+00 -5.7278885000e-01 1.3231704000e+00
637 6.3601000000e+00 -5.8602055400e-01 5.1802860000e-01
638 6.3701000000e+00 -5.9120084000e-01 -8.1454900000e-01
639 6.3801000000e+00 -5.8305535000e-01 1.9119109000e+00
640 6.3901000000e+00 -6.0217445900e-01 3.9876810000e-01
641 6.4001000000e+00 -6.0616214000e-01 1.4336874000e+00
642 6.4101000000e+00 -6.2049901400e-01 -1.0546217000e+00
643 6.4201000000e+00 -6.0995279700e-01 -1.6051240000e-01
644 6.4301000000e+00 -6.0834767300e-01 5.3775410000e-01
645 6.4401000000e+00 -6.1372521400e-01 1.3106021000e+00
646 6.4501000000e+00 -6.2683123500e-01 8.8309990000e-01
647 6.4601000000e+00 -6.3566223400e-01 1.1130700000e+00
648 6.4701000000e+00 -6.4679293400e-01 -1.3121055000e+00
649 6.4801000000e+00 -6.3367187900e-01 7.8689210000e-01
650 6.4901000000e+00 -6.4154080000e-01 5.6358880000e-01
651 6.5001000000e+00 -6.4717668800e-01 -1.2267645000e+00
652 6.5101000000e+00 -6.3490904300e-01 1.9475252000e+00
653 6.5201000000e+00 -6.5438429500e-01 5.8065670000e-01
654 6.5301000000e+00 -6.6019086200e-01 1.5351548000e+00
655 6.5401000000e+00 -6.7554241000e-01 -4.1991960000e-01
656 6.5501000000e+00 -6.7134321400e-01 8.1228140000e-01
657 6.5601000000e+00 -6.7946602800e-01 -1.4316600000e-02
658 6.5701000000e+00 -6.7932286200e-01 -9.7414300000e-01
659 6.5801000000e+00 -6.6958143200e-01 1.6866700000e+00
660 6.5901000000e+00 -6.8644813200e-01 7.7031200000e-02
661 6.6001000000e+00 -6.8721844400e-01 -1.6321544000e+00
662 6.6101000000e+00 -6.7089690000e-01 2.3603605000e+00
663 6.6201000000e+00 -6.9450050500e-01 -4.1440600000e-02
664 6.6301000000e+00 -6.9408609900e-01 -7.8173660000e-01
665 6.6401000000e+00 -6.8626873300e-01 4.2821620000e-01
666 6.6501000000e+00 -6.9055089500e-01 5.4707300000e-01
667 6.6601000000e+00 -6.9602162500e-01 9.8857670000e-01
668 6.6701000000e+00 -7.0590739200e-01 -2.9075940000e-01
669 6.6801000000e+00 -7.0299979800e-01 4.1226710000e-01
670 6.6901000000e+00 -7.0712246900e-01 -8.3926820000e-01
671 6.7001000000e+00 -6.9872978700e-01 9.4467190000e-01
672 6.7101000000e+00 -7.0817650600e-01 -6.1733900000e-01
673 6.7201000000e+00 -7.0200311600e-01 6.7083900000e-02
674 6.7301000000e+00 -7.0267395500e-01 5.1573170000e-01
675 6.7401000000e+00 -7.0783127200e-01 2.3426730000e-01
676 6.7501000000e+00 -7.1017394500e-01 2.1390070000e-01
677 6.7601000000e+00 -7.1231295200e-01 1.6843480000e-01
678 6.7701000000e+00 -7.1399730000e-01 7.1993560000e-01
679 6.7801000000e+00 -7.2119665600e-01 -5.9481140000e-01
680 6.7901000000e+00 -7.1524854200e-01 -1.8299013000e+00
681 6.8001000000e+00 -6.9694952900e-01 2.2321692000e+00
682 6.8101000000e+00 -7.1927122100e-01 2.7282870000e-01
683 6.8201000000e+00 -7.2199950800e-01 2.1201980000e-01
684 6.8301000000e+00 -7.2411970600e-01 -3.6513060000e-01
685 6.8401000000e+00 -7.2046840000e-01 7.6783260000e-01
686 6.8501000000e+00 -7.2814672600e-01 -2.7430550000e-01
687 6.8601000000e+00 -7.2540367100e-01 -5.1361220000e-01
688 6.8701000000e+00 -7.2026754900e-01 -7.0688390000e-01
689 6.8801000000e+00 -7.1319871000e-01 2.2351050000e-01
690 6.8901000000e+00 -7.1543381500e-01 6.6069550000e-01
691 6.9001000000e+00 -7.2204077000e-01 -9.7695840000e-01
692 6.9101000000e+00 -7.1227118600e-01 1.2014550000e+00
693 6.9201000000e+00 -7.2428573600e-01 -7.4769560000e-01
694 6.9301000000e+00 -7.1680878000e-01 4.4189320000e-01
695 6.9401000000e+00 -7.2122771200e-01 1.5317782000e+00
696 6.9501000000e+00 -7.3654549400e-01 5.4332070000e-01
697 6.9601000000e+00 -7.4197870100e-01 -2.1452744000e+00
698 6.9701000000e+00 -7.2052595700e-01 -3.1737440000e-01
699 6.9801000000e+00 -7.1735221300e-01 9.9150810000e-01
700 6.9901000000e+00 -7.2726729400e-01 4.6358300000e-01
701 7.0001000000e+00 -7.3190312400e-01 -3.5034950000e-01
702 7.0101000000e+00 -7.2839962900e-01 -1.6698450000e+00
703 7.0201000000e+00 -7.1170117900e-01 5.3517340000e-01
704 7.0301000000e+00 -7.1705291300e-01 6.4239040000e-01
705 7.0401000000e+00 -7.2347681700e-01 5.9968380000e-01
706 7.0501000000e+00 -7.2947365500e-01 -3.0261890000e-01
707 7.0601000000e+00 -7.2644746600e-01 -9.4128800000e-02
708 7.0701000000e+00 -7.2550617800e-01 -2.8295600000e-01
709 7.0801000000e+00 -7.2267661800e-01 3.5972320000e-01
710 7.0901000000e+00 -7.2627385000e-01 -5.9606220000e-01
711 7.1001000000e+00 -7.2031322800e-01 -9.3033470000e-01
712 7.1101000000e+00 -7.1100988100e-01 1.2203830000e-01
713 7.1201000000e+00 -7.1223026400e-01 -3.1958170000e-01
714 7.1301000000e+00 -7.0903444700e-01 4.7662670000e-01
715 7.1401000000e+00 -7.1380071400e-01 -1.8373689000e+00
716 7.1501000000e+00 -6.9542702500e-01 1.1350348000e+00
717 7.1601000000e+00 -7.0677737300e-01 -7.7990860000e-01
718 7.1701000000e+00 -6.9897828700e-01 -1.6166110000e-01
719 7.1801000000e+00 -6.9736167600e-01 8.1819330000e-01
720 7.1901000000e+00 -7.0554360900e-01 3.3824450000e-01
721 7.2001000000e+00 -7.0892605400e-01 1.9579080000e-01
722 7.2101000000e+00 -7.1088396200e-01 -1.3946410000e-01
723 7.2201000000e+00 -7.0948932100e-01 -7.4174570000e-01
724 7.2301000000e+00 -7.0207186400e-01 9.2845000000e-03
725 7.2401000000e+00 -7.0216470900e-01 3.0261370000e-01
726 7.2501000000e+00 -7.0519084600e-01 -3.1874580000e-01
727 7.2601000000e+00 -7.0200338800e-01 -6.6397990000e-01
728 7.2701000000e+00 -6.9536358900e-01 8.0259980000e-01
729 7.2801000000e+00 -7.0338958700e-01 -3.9770120000e-01
730 7.2901000000e+00 -6.9941257500e-01 -8.1804150000e-01
731 7.3001000000e+00 -6.9123216000e-01 1.2426019000e+00
732 7.3101000000e+00 -7.0365817900e-01 -2.2231377000e+00
733 7.3201000000e+00 -6.8142680200e-01 -4.8704720000e-01
734 7.3301000000e+00 -6.7655633000e-01 9.3416410000e-01
735 7.3401000000e+00 -6.8589797100e-01 -1.1715587000e+00
736 7.3501000000e+00 -6.7418238400e-01 1.6233299000e+00
737 7.3601000000e+00 -6.9041568300e-01 -1.1877323000e+00
738 7.3701000000e+00 -6.7853836000e-01 -8.9753300000e-02
739 7.3801000000e+00 -6.7764082700e-01 -3.3537800000e-02
740 7.3901000000e+00 -6.7730544900e-01 -6.5492310000e-01
741 7.4001000000e+00 -6.7075621800e-01 -7.0079900000e-02
742 7.4101000000e+00 -6.7005541900e-01 -6.8694030000e-01
743 7.4201000000e+00 -6.6318601600e-01 4.8293840000e-01
744 7.4301000000e+00 -6.6801540000e-01 -6.3240900000e-01
745 7.4401000000e+00 -6.6169131000e-01 -3.9736080000e-01
746 7.4501000000e+00 -6.5771770200e-01 6.2559300000e-02
747 7.4601000000e+00 -6.5834329500e-01 5.7348560000e-01
748 7.4701000000e+00 -6.6407815100e-01 -5.8040630000e-01
749 7.4801000000e+00 -6.5827408800e-01 -1.7310738000e+00
750 7.4901000000e+00 -6.4096335000e-01 1.3686207000e+00
751 7.5001000000e+00 -6.5464955700e-01 -1.3235570000e-01
752 7.5101000000e+00 -6.5332600000e-01 -1.0444055000e+00
753 7.5201000000e+00 -6.4288194500e-01 7.8486830000e-01
754 7.5301000000e+00 -6.5073062800e-01 -7.2119350000e-01
755 7.5401000000e+00 -6.4351869300e-01 3.2831420000e-01
756 7.5501000000e+00 -6.4680183500e-01 -1.7057962000e+00
757 7.5601000000e+00 -6.2974387300e-01 6.8781740000e-01
758 7.5701000000e+00 -6.3662204700e-01 -2.0303925000e+00
759 7.5801000000e+00 -6.1631812200e-01 1.5975861000e+00
760 7.5901000000e+00 -6.3229398300e-01 -1.8034591000e+00
761 7.6001000000e+00 -6.1425939200e-01 1.8223097000e+00
762 7.6101000000e+00 -6.3248248900e-01 -6.3581540000e-01
763 7.6201000000e+00 -6.2612433500e-01 -4.9889590000e-01
764 7.6301000000e+00 -6.2113537600e-01 -3.4876940000e-01
765 7.6401000000e+00 -6.1764768200e-01 -1.9697856000e+00
766 7.6501000000e+00 -5.9794982600e-01 -6.2759500000e-02
767 7.6601000000e+00 -5.9732223100e-01 9.5301580000e-01
768 7.6701000000e+00 -6.0685238900e-01 3.0350050000e-01
769 7.6801000000e+00 -6.0988739400e-01 -4.9635220000e-01
770 7.6901000000e+00 -6.0492387200e-01 -1.4290597000e+00
771 7.7001000000e+00 -5.9063327500e-01 2.7083522000e+00
772 7.7101000000e+00 -6.1771679700e-01 -2.4789457000e+00
773 7.7201000000e+00 -5.9292734000e-01 -1.2940000000e-02
774 7.7301000000e+00 -5.9279794000e-01 -1.3513768000e+00
775 7.7401000000e+00 -5.7928417200e-01 1.0501811000e+00
776 7.7501000000e+00 -5.8978598300e-01 -1.4934850000e-01
777 7.7601000000e+00 -5.8829249800e-01 -3.4628400000e-01
778 7.7701000000e+00 -5.8482965800e-01 -1.3379162000e+00
779 7.7801000000e+00 -5.7145049600e-01 6.2928870000e-01
780 7.7901000000e+00 -5.7774338300e-01 -1.8310616000e+00
781 7.8001000000e+00 -5.5943276700e-01 2.3517758000e+00
782 7.8101000000e+00 -5.8295052500e-01 -1.6873450000e-01
783 7.8201000000e+00 -5.8126318000e-01 -2.6724905000e+00
784 7.8301000000e+00 -5.5453827500e-01 1.4021387000e+00
785 7.8401000000e+00 -5.6855966200e-01 1.0759121000e+00
786 7.8501000000e+00 -5.7931878300e-01 -8.1079100000e-01
787 7.8601000000e+00 -5.7121087300e-01 -8.0916630000e-01
788 7.8701000000e+00 -5.6311921000e-01 -1.0259300000e-01
789 7.8801000000e+00 -5.6209328000e-01 -9.5424750000e-01
790 7.8901000000e+00 -5.5255080500e-01 5.5949650000e-01
791 7.9001000000e+00 -5.5814577000e-01 -6.0736000000e-02
792 7.9101000000e+00 -5.5753841000e-01 7.6513140000e-01
793 7.9201000000e+00 -5.6518972400e-01 -2.5331052000e+00
794 7.9301000000e+00 -5.3985867200e-01 7.5129950000e-01
795 7.9401000000e+00 -5.4737166700e-01 -7.9407010000e-01
796 7.9501000000e+00 -5.3943096600e-01 2.6622910000e-01
797 7.9601000000e+00 -5.4209325700e-01 -8.8139600000e-01
798 7.9701000000e+00 -5.3327929700e-01 -4.5406970000e-01
799 7.9801000000e+00 -5.2873860000e-01 1.1206178000e+00
800 7.9901000000e+00 -5.3994477800e-01 -1.9627062000e+00
801 8.0001000000e+00 -5.2031771600e-01 2.2299007000e+00
802 8.0101000000e+00 -5.4261672300e-01 -2.0746371000e+00
803 8.0201000000e+00 -5.2187035200e-01 -1.2359900000e-01
804 8.0301000000e+00 -5.2063436200e-01 1.2081514000e+00
805 8.0401000000e+00 -5.3271587600e-01 -2.5964570000e-01
806 8.0501000000e+00 -5.3011941900e-01 -1.1618110000e+00
807 8.0601000000e+00 -5.1850130900e-01 -2.4582300000e-02
808 8.0701000000e+00 -5.1825548600e-01 1.0378590000e-01
809 8.0801000000e+00 -5.1929334500e-01 -2.1736479000e+00
810 8.0901000000e+00 -4.9755686600e-01 1.3890558000e+00
811 8.1001000000e+00 -5.1144742400e-01 8.4057650000e-01
812 8.1101000000e+00 -5.1985318900e-01 -8.4209750000e-01
813 8.1201000000e+00 -5.1143221400e-01 4.0123210000e-01
814 8.1301000000e+00 -5.1544453500e-01 -4.4479400000e-01
815 8.1401000000e+00 -5.1099659500e-01 1.7821370000e-01
816 8.1501000000e+00 -5.1277873200e-01 -1.3499575000e+00
817 8.1601000000e+00 -4.9927915700e-01 2.3151460000e-01
818 8.1701000000e+00 -5.0159430300e-01 -6.5311700000e-01
819 8.1801000000e+00 -4.9506313300e-01 -6.6089400000e-02
820 8.1901000000e+00 -4.9440223900e-01 -6.0478660000e-01
821 8.2001000000e+00 -4.8835437300e-01 1.3929670000e-01
822 8.2101000000e+00 -4.8974734000e-01 -9.4522650000e-01
823 8.2201000000e+00 -4.8029507500e-01 9.9806400000e-01
824 8.2301000000e+00 -4.9027571500e-01 -4.4347300000e-02
825 8.2401000000e+00 -4.8983224200e-01 4.5497690000e-01
826 8.2501000000e+00 -4.9438201100e-01 -1.5372336000e+00
827 8.2601000000e+00 -4.7900967500e-01 -4.7154820000e-01
828 8.2701000000e+00 -4.7429419300e-01 2.1727752000e+00
829 8.2801000000e+00 -4.9602194500e-01 -1.2418479000e+00
830 8.2901000000e+00 -4.8360346600e-01 -7.2071800000e-01
831 8.3001000000e+00 -4.7639628600e-01 5.8651000000e-03
832 8.3101000000e+00 -4.7645493700e-01 -6.0961600000e-02
833 8.3201000000e+00 -4.7584532100e-01 -1.9926739000e+00
834 8.3301000000e+00 -4.5591858200e-01 2.0253070000e-01
835 8.3401000000e+00 -4.5794388900e-01 1.0470395000e+00
836 8.3501000000e+00 -4.6841428400e-01 5.7049380000e-01
837 8.3601000000e+00 -4.7411922200e-01 -1.2922148000e+00
838 8.3701000000e+00 -4.6119707400e-01 2.4468490000e-01
839 8.3801000000e+00 -4.6364392300e-01 5.4743020000e-01
840 8.3901000000e+00 -4.6911822500e-01 -1.6440080000e-01
841 8.4001000000e+00 -4.6747421700e-01 -2.5455850000e-01
842 8.4101000000e+00 -4.6492863200e-01 -1.2926103000e+00
843 8.4201000000e+00 -4.5200252900e-01 1.2377075000e+00
844 8.4301000000e+00 -4.6437960400e-01 -8.8531930000e-01
845 8.4401000000e+00 -4.5552641100e-01 6.5903330000e-01
846 8.4501000000e+00 -4.6211674400e-01 -6.7136380000e-01
847 8.4601000000e+00 -4.5540310600e-01 9.0347780000e-01
848 8.4701000000e+00 -4.6443788400e-01 -1.3264215000e+00
849 8.4801000000e+00 -4.5117366900e-01 -1.3262320000e-01
850 8.4901000000e+00 -4.4984743700e-01 -3.6207220000e-01
851 8.5001000000e+00 -4.4622671500e-01 9.8840300000e-02
852 8.5101000000e+00 -4.4721511800e-01 1.7096396000e+00
853 8.5201000000e+00 -4.6431151400e-01 -1.8650052000e+00
854 8.5301000000e+00 -4.4566146200e-01 5.6580100000e-02
855 8.5401000000e+00 -4.4622726300e-01 3.0554790000e-01
856 8.5501000000e+00 -4.4928274200e-01 1.8069090000e-01
857 8.5601000000e+00 -4.5108965100e-01 3.6050940000e-01
858 8.5701000000e+00 -4.5469474500e-01 -2.1785919000e+00
859 8.5801000000e+00 -4.3290882600e-01 1.2986240000e+00
860 8.5901000000e+00 -4.4589506600e-01 -4.3349530000e-01
861 8.6001000000e+00 -4.4156011300e-01 3.4963030000e-01
862 8.6101000000e+00 -4.4505641600e-01 -7.7972760000e-01
863 8.6201000000e+00 -4.3725914000e-01 3.9876560000e-01
864 8.6301000000e+00 -4.4124679600e-01 -4.6669920000e-01
865 8.6401000000e+00 -4.3657980400e-01 -4.2861320000e-01
866 8.6501000000e+00 -4.3229367200e-01 7.3073310000e-01
867 8.6601000000e+00 -4.3960100300e-01 -7.8735140000e-01
868 8.6701000000e+00 -4.3172748900e-01 8.7194490000e-01
869 8.6801000000e+00 -4.4044693800e-01 5.4371280000e-01
870 8.6901000000e+00 -4.4588406600e-01 -1.9716282000e+00
871 8.7001000000e+00 -4.2616778400e-01 3.3322700000e-01
872 8.7101000000e+00 -4.2950005400e-01 1.7636975000e+00
873 8.7201000000e+00 -4.4713702900e-01 -6.0095760000e-01
874 8.7301000000e+00 -4.4112745300e-01 9.3098630000e-01
875 8.7401000000e+00 -4.5043731600e-01 -8.3958110000e-01
876 8.7501000000e+00 -4.4204150500e-01 -7.0168370000e-01
877 8.7601000000e+00 -4.3502466800e-01 9.4082600000e-01
878 8.7701000000e+00 -4.4443292800e-01 -1.7548995000e+00
879 8.7801000000e+00 -4.2688393300e-01 7.3788140000e-01
880 8.7901000000e+00 -4.3426274700e-01 1.2485220000e-01
881 8.8001000000e+00 -4.3551126900e-01 -7.3139920000e-01
882 8.8101000000e+00 -4.2819727700e-01 1.3371732000e+00
883 8.8201000000e+00 -4.4156900900e-01 -1.2941711000e+00
884 8.8301000000e+00 -4.2862729800e-01 1.4766360000e-01
885 8.8401000000e+00 -4.3010393400e-01 9.1917150000e-01
886 8.8501000000e+00 -4.3929564900e-01 -7.9118050000e-01
887 8.8601000000e+00 -4.3138384400e-01 2.2295450000e-01
888 8.8701000000e+00 -4.3361338900e-01 -8.6668420000e-01
889 8.8801000000e+00 -4.2494654700e-01 1.0217028000e+00
890 8.8901000000e+00 -4.3516357500e-01 -1.4459920000e-01
891 8.9001000000e+00 -4.3371758300e-01 -8.5673520000e-01
892 8.9101000000e+00 -4.2515023100e-01 6.4341930000e-01
893 8.9201000000e+00 -4.3158442400e-01 5.7540820000e-01
894 8.9301000000e+00 -4.3733850600e-01 -7.2721020000e-01
895 8.9401000000e+00 -4.3006640400e-01 3.9285610000e-01
896 8.9501000000e+00 -4.3399496500e-01 -3.5863610000e-01
897 8.9601000000e+00 -4.3040860400e-01 2.6413860000e-01
898 8.9701000000e+00 -4.3304999000e-01 -2.2265760000e-01
899 8.9801000000e+00 -4.3082341400e-01 2.0404158000e+00
900 8.9901000000e+00 -4.5122757200e-01 -6.9786520000e-01
901 9.0001000000e+00 -4.4424892000e-01 7.1269020000e-01
902 9.0101000000e+00 -4.5137582200e-01 -1.4922347000e+00
903 9.0201000000e+00 -4.3645347500e-01 2.5361950000e-01
904 9.0301000000e+00 -4.3898967000e-01 -8.1413200000e-01
905 9.0401000000e+00 -4.3084835000e-01 4.9157030000e-01
906 9.0501000000e+00 -4.3576405300e-01 -5.5047300000e-02
907 9.0601000000e+00 -4.3521358000e-01 -1.8567960000e-01
908 9.0701000000e+00 -4.3335678400e-01 5.1609130000e-01
909 9.0801000000e+00 -4.3851769700e-01 3.9050800000e-02
910 9.0901000000e+00 -4.3890820500e-01 -2.2080080000e-01
911 9.1001000000e+00 -4.3670019700e-01 2.9473420000e-01
912 9.1101000000e+00 -4.3964753900e-01 6.0173530000e-01
913 9.1201000000e+00 -4.4566489200e-01 -9.5576930000e-01
914 9.1301000000e+00 -4.3610719900e-01 1.1956345000e+00
915 9.1401000000e+00 -4.4806354400e-01 -1.5773575000e+00
916 9.1501000000e+00 -4.3228996900e-01 -1.1617930000e-01
917 9.1601000000e+00 -4.3112817600e-01 1.2235713000e+00
918 9.1701000000e+00 -4.4336388900e-01 -1.2918020000e+00
919 9.1801000000e+00 -4.3044586900e-01 6.3633140000e-01
920 9.1901000000e+00 -4.3680918300e-01 -2.5855030000e-01
921 9.2001000000e+00 -4.3422368000e-01 5.0784720000e-01
922 9.2101000000e+00 -4.3930215200e-01 1.1228797000e+00
923 9.2201000000e+00 -4.5053094900e-01 -1.6958358000e+00
924 9.2301000000e+00 -4.3357259100e-01 5.4743260000e-01
925 9.2401000000e+00 -4.3904691700e-01 -2.6127590000e-01
926 9.2501000000e+00 -4.3643415800e-01 3.4620580000e-01
927 9.2601000000e+00 -4.3989621600e-01 2.9722200000e-02
928 9.2701000000e+00 -4.4019343800e-01 3.6896160000e-01
929 9.2801000000e+00 -4.4388305400e-01 9.6497200000e-02
930 9.2901000000e+00 -4.4484802600e-01 -8.4509360000e-01
931 9.3001000000e+00 -4.3639709000e-01 -6.0643760000e-01
932 9.3101000000e+00 -4.3033271400e-01 2.2647830000e-01
933 9.3201000000e+00 -4.3259749700e-01 6.4141460000e-01
934 9.3301000000e+00 -4.3901164300e-01 5.5313120000e-01
935 9.3401000000e+00 -4.4454295500e-01 -1.4975569000e+00
936 9.3501000000e+00 -4.2956738600e-01 1.8569405000e+00
937 9.3601000000e+00 -4.4813679100e-01 -1.5309830000e-01
938 9.3701000000e+00 -4.4660580800e-01 -7.5987950000e-01
939 9.3801000000e+00 -4.3900701300e-01 2.3261700000e-01
940 9.3901000000e+00 -4.4133318300e-01 8.0870790000e-01
941 9.4001000000e+00 -4.4942026200e-01 -1.1271331000e+00
942 9.4101000000e+00 -4.3814893100e-01 -1.6575570000e-01
943 9.4201000000e+00 -4.3649137400e-01 1.8682328000e+00
944 9.4301000000e+00 -4.5517370200e-01 -7.2686470000e-01
945 9.4401000000e+00 -4.4790505500e-01 5.5584750000e-01
946 9.4501000000e+00 -4.5346353000e-01 -2.0524593000e+00
947 9.4601000000e+00 -4.3293893700e-01 8.4769220000e-01
948 9.4701000000e+00 -4.4141585900e-01 -2.9489650000e-01
949 9.4801000000e+00 -4.3846689400e-01 1.3208510000e+00
950 9.4901000000e+00 -4.5167540400e-01 -1.3830918000e+00
951 9.5001000000e+00 -4.3784448600e-01 5.8007260000e-01
952 9.5101000000e+00 -4.4364521200e-01 6.7551800000e-01
953 9.5201000000e+00 -4.5040039200e-01 4.3446700000e-02
954 9.5301000000e+00 -4.5083485900e-01 -3.1447190000e-01
955 9.5401000000e+00 -4.4769014000e-01 -7.8112360000e-01
956 9.5501000000e+00 -4.3987890400e-01 -2.7229450000e-01
957 9.5601000000e+00 -4.3715595900e-01 1.1265475000e+00
958 9.5701000000e+00 -4.4842143400e-01 3.0876610000e-01
959 9.5801000000e+00 -4.5150909500e-01 -5.6975090000e-01
960 9.5901000000e+00 -4.4581158600e-01 1.4051320000e-01
961 9.6001000000e+00 -4.4721671800e-01 -7.1605000000e-03
962 9.6101000000e+00 -4.4714511300e-01 -1.7746550000e-01
963 9.6201000000e+00 -4.4537045800e-01 -1.0554546000e+00
964 9.6301000000e+00 -4.3481591200e-01 1.2750020000e+00
965 9.6401000000e+00 -4.4756593200e-01 -6.1339940000e-01
966 9.6501000000e+00 -4.4143193800e-01 4.0206290000e-01
967 9.6601000000e+00 -4.4545256700e-01 8.7105100000e-02
968 9.6701000000e+00 -4.4632361800e-01 3.0841950000e-01
969 9.6801000000e+00 -4.4940781300e-01 -1.3293830000e+00
970 9.6901000000e+00 -4.3611398300e-01 -6.4933800000e-02
971 9.7001000000e+00 -4.3546464500e-01 1.6619423000e+00
972 9.7101000000e+00 -4.5208406800e-01 -1.4317565000e+00
973 9.7201000000e+00 -4.3776650300e-01 3.7522860000e-01
974 9.7301000000e+00 -4.4151878900e-01 -6.1429660000e-01
975 9.7401000000e+00 -4.3537582300e-01 -3.4431690000e-01
976 9.7501000000e+00 -4.3193265400e-01 -1.4922370000e-01
977 9.7601000000e+00 -4.3044041700e-01 1.6484172000e+00
978 9.7701000000e+00 -4.4692458900e-01 -1.2001121000e+00
979 9.7801000000e+00 -4.3492346800e-01 1.4456297000e+00
980 9.7901000000e+00 -4.4937976500e-01 -2.3491186000e+00
981 9.8001000000e+00 -4.2588857900e-01 1.0584547000e+00
982 9.8101000000e+00 -4.3647312600e-01 -1.9116760000e-01
983 9.8201000000e+00 -4.3456145000e-01 4.4789190000e-01
984 9.8301000000e+00 -4.3904036900e-01 -7.9374430000e-01
985 9.8401000000e+00 -4.3110292600e-01 -3.0501630000e-01
986 9.8501000000e+00 -4.2805276300e-01 1.7961708000e+00
987 9.8601000000e+00 -4.4601447100e-01 -4.9892100000e-01
988 9.8701000000e+00 -4.4102526100e-01 -7.1875290000e-01
989 9.8801000000e+00 -4.3383773200e-01 2.2731610000e-01
990 9.8901000000e+00 -4.3611089300e-01 -5.7067860000e-01
991 9.9001000000e+00 -4.3040410700e-01 3.5171660000e-01
992 9.9101000000e+00 -4.3392127300e-01 3.6382390000e-01
993 9.9201000000e+00 -4.3755951200e-01 -7.8171810000e-01
994 9.9301000000e+00 -4.2974233100e-01 1.0148966000e+00
995 9.9401000000e+00 -4.3989129700e-01 -6.3464960000e-01
996 9.9501000000e+00 -4.3354480100e-01 5.3523790000e-01
997 9.9601000000e+00 -4.3889718000e-01 -8.9218900000e-02
998 9.9701000000e+00 -4.3800499100e-01 -8.8135780000e-01
999 9.9801000000e+00 -4.2919141300e-01 7.4148700000e-01
1000 9.9901000000e+00 -4.3660628300e-01 -1.6614969000e+00
1001 1.0000100000e+01 -4.1999131400e-01 1.7395790000e+00
1002 1.0010100000e+01 -4.3738710400e-01 -1.2886631000e+00
1003 1.0020100000e+01 -4.2450047300e-01 7.1953600000e-02
1004 1.0030100000e+01 -4.2522000900e-01 -3.4819550000e-01
1005 1.0040100000e+01 -4.2173805400e-01 1.6228819000e+00
1006 1.0050100000e+01 -4.3796687300e-01 -1.7454760000e+00
1007 1.0060100000e+01 -4.2051211300e-01 -5.5904510000e-01
1008 1.0070100000e+01 -4.1492166200e-01 5.4667550000e-01
1009 1.0080100000e+01 -4.2038841700e-01 2.0855760000e-01
1010 1.0090100000e+01 -4.2247399300e-01 6.2286600000e-02
1011 1.0100100000e+01 -4.2309685900e-01 -1.0562094000e+00
1012 1.0110100000e+01 -4.1253476500e-01 1.0335769000e+00
1013 1.0120100000e+01 -4.2287053400e-01 -2.7905400000e-01
1014 1.0130100000e+01 -4.2007999400e-01 6.5703270000e-01
1015 1.0140100000e+01 -4.2665032100e-01 -1.8081025000e+00
1016 1.0150100000e+01 -4.0856929600e-01 2.2619000000e-01
1017 1.0160100000e+01 -4.1083119600e-01 -2.7240180000e-01
1018 1.0170100000e+01 -4.0810717800e-01 9.8725650000e-01
1019 1.0180100000e+01 -4.1797974300e-01 -8.1568300000e-01
1020 1.0190100000e+01 -4.0982291300e-01 8.6013240000e-01
1021 1.0200100000e+01 -4.1842423700e-01 -1.1832239000e+00
1022 1.0210100000e+01 -4.0659199800e-01 7.9625540000e-01
1023 1.0220100000e+01 -4.1455455200e-01 -5.0506540000e-01
1024 1.0230100000e+01 -4.0950389800e-01 5.0857530000e-01
1025 1.0240100000e+01 -4.1458965100e-01 -1.1980527000e+00
1026 1.0250100000e+01 -4.0260912400e-01 6.3069620000e-01
1027 1.0260100000e+01 -4.0891608600e-01 -8.3607230000e-01
1028 1.0270100000e+01 -4.0055536300e-01 4.8360500000e-02
1029 1.0280100000e+01 -4.0103896800e-01 -7.5645340000e-01
1030 1.0290100000e+01 -3.9347443400e-01 -2.1312970000e-01
1031 1.0300100000e+01 -3.9134313700e-01 9.3534860000e-01
1032 1.0310100000e+01 -4.0069662300e-01 -1.2861327000e+00
1033 1.0320100000e+01 -3.8783529600e-01 1.2027504000e+00
1034 1.0330100000e+01 -3.9986280000e-01 -6.0122080000e-01
1035 1.0340100000e+01 -3.9385059200e-01 -1.0739959000e+00
1036 1.0350100000e+01 -3.8311063300e-01 1.2233968000e+00
1037 1.0360100000e+01 -3.9534460100e-01 -5.9298280000e-01
1038 1.0370100000e+01 -3.8941477300e-01 4.0304260000e-01
1039 1.0380100000e+01 -3.9344519900e-01 -5.7942810000e-01
1040 1.0390100000e+01 -3.8765091800e-01 7.0288900000e-02
1041 1.0400100000e+01 -3.8835380700e-01 -7.2182760000e-01
1042 1.0410100000e+01 -3.8113553100e-01 8.7019270000e-01
1043 1.0420100000e+01 -3.8983745800e-01 -7.6365680000e-01
1044 1.0430100000e+01 -3.8220089000e-01 -5.8190220000e-01
1045 1.0440100000e+01 -3.7638186800e-01 1.7368750000e-01
1046 1.0450100000e+01 -3.7811874300e-01 4.6609400000e-01
1047 1.0460100000e+01 -3.8277968300e-01 -1.0108834000e+00
1048 1.0470100000e+01 -3.7267084900e-01 8.8353020000e-01
1049 1.0480100000e+01 -3.8150615100e-01 1.1274570000e-01
1050 1.0490100000e+01 -3.8263360800e-01 -7.8859000000e-01
1051 1.0500100000e+01 -3.7474770800e-01 2.9677340000e-01
1052 1.0510100000e+01 -3.7771544200e-01 -5.3045220000e-01
1053 1.0520100000e+01 -3.7241092000e-01 6.0634950000e-01
1054 1.0530100000e+01 -3.7847441500e-01 -8.1503160000e-01
1055 1.0540100000e+01 -3.7032409900e-01 -1.2032083000e+00
1056 1.0550100000e+01 -3.5829201600e-01 2.9234100000e-01
1057 1.0560100000e+01 -3.6121542600e-01 1.0886904000e+00
1058 1.0570100000e+01 -3.7210233000e-01 -3.1009430000e-01
1059 1.0580100000e+01 -3.6900138700e-01 -1.5583787000e+00
1060 1.0590100000e+01 -3.5341760000e-01 7.5513670000e-01
1061 1.0600100000e+01 -3.6096896700e-01 -4.3444670000e-01
1062 1.0610100000e+01 -3.5662450000e-01 -3.1010160000e-01
1063 1.0620100000e+01 -3.5352348400e-01 4.9274500000e-01
1064 1.0630100000e+01 -3.5845093400e-01 -2.1352840000e+00
1065 1.0640100000e+01 -3.3709809400e-01 1.7043448000e+00
1066 1.0650100000e+01 -3.5414154200e-01 -2.1448280000e-01
1067 1.0660100000e+01 -3.5199671400e-01 -5.1561340000e-01
1068 1.0670100000e+01 -3.4684058000e-01 -3.2474240000e-01
1069 1.0680100000e+01 -3.4359315600e-01 4.5728920000e-01
1070 1.0690100000e+01 -3.4816604800e-01 -2.4466510000e-01
1071 1.0700100000e+01 -3.4571939700e-01 -1.1431290000e+00
1072 1.0710100000e+01 -3.3428810700e-01 3.7202690000e-01
1073 1.0720100000e+01 -3.3800837600e-01 1.0558816000e+00
1074 1.0730100000e+01 -3.4856719200e-01 -1.2422134000e+00
1075 1.0740100000e+01 -3.3614505800e-01 -1.3691060000e-01
1076 1.0750100000e+01 -3.3477595200e-01 -9.3145900000e-02
1077 1.0760100000e+01 -3.3384449300e-01 9.2164420000e-01
1078 1.0770100000e+01 -3.4306093500e-01 -6.0346100000e-01
1079 1.0780100000e+01 -3.3702632500e-01 -8.6030640000e-01
1080 1.0790100000e+01 -3.2842326100e-01 -9.0802210000e-01
1081 1.0800100000e+01 -3.1934304000e-01 4.5866260000e-01
1082 1.0810100000e+01 -3.2392966600e-01 2.3294830000e-01
1083 1.0820100000e+01 -3.2625914900e-01 -8.2934560000e-01
1084 1.0830100000e+01 -3.1796569300e-01 1.6391730000e-01
1085 1.0840100000e+01 -3.1960486600e-01 -2.7388200000e-01
1086 1.0850100000e+01 -3.1686604600e-01 6.8812370000e-01
1087 1.0860100000e+01 -3.2374728300e-01 -9.5407640000e-01
1088 1.0870100000e+01 -3.1420651900e-01 -3.0379930000e-01
1089 1.0880100000e+01 -3.1116852600e-01 7.9254920000e-01
1090 1.0890100000e+01 -3.1909401800e-01 -1.8576794000e+00
1091 1.0900100000e+01 -3.0051722400e-01 8.2624430000e-01
1092 1.0910100000e+01 -3.0877966700e-01 -1.2596560000e-01
1093 1.0920100000e+01 -3.0752001100e-01 -1.1097799000e+00
1094 1.0930100000e+01 -2.9642221200e-01 1.3468740000e+00
1095 1.0940100000e+01 -3.0989095200e-01 -8.0027120000e-01
1096 1.0950100000e+01 -3.0188824000e-01 -2.9297370000e-01
1097 1.0960100000e+01 -2.9895850300e-01 -5.9678670000e-01
1098 1.0970100000e+01 -2.9299063600e-01 -8.2890200000e-01
1099 1.0980100000e+01 -2.8470161600e-01 1.1741605000e+00
1100 1.0990100000e+01 -2.9644322100e-01 -1.6895016000e+00
1101 1.1000100000e+01 -2.7954820500e-01 9.0960810000e-01
1102 1.1010100000e+01 -2.8864428600e-01 -7.2058850000e-01
1103 1.1020100000e+01 -2.8143840100e-01 1.6518821000e+00
1104 1.1030100000e+01 -2.9795722200e-01 -1.5227562000e+00
1105 1.1040100000e+01 -2.8272966000e-01 4.5912980000e-01
1106 1.1050100000e+01 -2.8732095800e-01 -9.7453250000e-01
1107 1.1060100000e+01 -2.7757563300e-01 -1.0759658000e+00
1108 1.1070100000e+01 -2.6681597500e-01 1.2931917000e+00
1109 1.1080100000e+01 -2.7974789200e-01 1.2651620000e-01
1110 1.1090100000e+01 -2.8101305400e-01 -6.6413390000e-01
1111 1.1100100000e+01 -2.7437171500e-01 -9.6304690000e-01
1112 1.1110100000e+01 -2.6474124600e-01 1.9425860000e-01
1113 1.1120100000e+01 -2.6668383200e-01 -2.8035230000e-01
1114 1.1130100000e+01 -2.6388030900e-01 -3.5822090000e-01
1115 1.1140100000e+01 -2.6029810000e-01 1.5562100000e-02
1116 1.1150100000e+01 -2.6045372100e-01 -3.0912410000e-01
1117 1.1160100000e+01 -2.5736248000e-01 -1.0401104000e+00
1118 1.1170100000e+01 -2.4696137600e-01 1.6866618000e+00
1119 1.1180100000e+01 -2.6382799400e-01 -1.0879987000e+00
1120 1.1190100000e+01 -2.5294800700e-01 -1.9509180000e-01
1121 1.1200100000e+01 -2.5099708900e-01 -1.9511680000e-01
1122 1.1210100000e+01 -2.4904592100e-01 -6.3196640000e-01
1123 1.1220100000e+01 -2.4272625700e-01 -1.7721350000e-01
1124 1.1230100000e+01 -2.4095412200e-01 5.2502400000e-02
1125 1.1240100000e+01 -2.4147914600e-01 2.2368410000e-01
1126 1.1250100000e+01 -2.4371598700e-01 -7.5031520000e-01
1127 1.1260100000e+01 -2.3621283500e-01 -1.0048536000e+00
1128 1.1270100000e+01 -2.2616429900e-01 9.1964190000e-01
1129 1.1280100000e+01 -2.3536071800e-01 -6.7659130000e-01
1130 1.1290100000e+01 -2.2859480500e-01 -1.8551400000e-01
1131 1.1300100000e+01 -2.2673966500e-01 -1.2794800000e-02
1132 1.1310100000e+01 -2.2661171700e-01 -3.0130180000e-01
1133 1.1320100000e+01 -2.2359869900e-01 3.5612580000e-01
1134 1.1330100000e+01 -2.2715995700e-01 -4.6694240000e-01
1135 1.1340100000e+01 -2.2249053300e-01 4.7945310000e-01
1136 1.1350100000e+01 -2.2728506400e-01 -1.8518320000e+00
1137 1.1360100000e+01 -2.0876674400e-01 1.2807000000e-02
1138 1.1370100000e+01 -2.0889481400e-01 6.1014880000e-01
1139 1.1380100000e+01 -2.1499630200e-01 -6.5527590000e-01
1140 1.1390100000e+01 -2.0844354300e-01 1.0286627000e+00
1141 1.1400100000e+01 -2.1873017000e-01 -2.4798279000e+00
1142 1.1410100000e+01 -1.9393189100e-01 3.6063170000e-01
1143 1.1420100000e+01 -1.9753820800e-01 -1.2374480000e+00
1144 1.1430100000e+01 -1.8516372800e-01 2.1403098000e+00
1145 1.1440100000e+01 -2.0656682600e-01 -8.9959410000e-01
1146 1.1450100000e+01 -1.9757088500e-01 -2.2997640000e-01
1147 1.1460100000e+01 -1.9527112100e-01 -9.1950960000e-01
1148 1.1470100000e+01 -1.8607602500e-01 -4.3956180000e-01
1149 1.1480100000e+01 -1.8168040700e-01 4.9160370000e-01
1150 1.1490100000e+01 -1.8659644400e-01 2.0785300000e-02
1151 1.1500100000e+01 -1.8680429700e-01 2.3861820000e-01
1152 1.1510100000e+01 -1.8919047900e-01 -7.7592730000e-01
1153 1.1520100000e+01 -1.8143120600e-01 3.7388100000e-02
1154 1.1530100000e+01 -1.8180508700e-01 -1.5376634800e+00
1155 1.1540100000e+01 -1.6642845220e-01 2.4324866800e+00
1156 1.1550100000e+01 -1.9075331900e-01 -2.0708596000e+00
1157 1.1560100000e+01 -1.7004472300e-01 1.0860900000e-01
1158 1.1570100000e+01 -1.7113081300e-01 6.1461200000e-01
1159 1.1580100000e+01 -1.7727693300e-01 -3.3538494000e-01
1160 1.1590100000e+01 -1.7392308360e-01 -1.2157470000e+00
1161 1.1600100000e+01 -1.6176561360e-01 5.9679154000e-01
1162 1.1610100000e+01 -1.6773352900e-01 -9.6237260000e-01
1163 1.1620100000e+01 -1.5810980300e-01 4.0639150000e-01
1164 1.1630100000e+01 -1.6217371800e-01 5.0746760000e-01
1165 1.1640100000e+01 -1.6724839400e-01 -1.3819682400e+00
1166 1.1650100000e+01 -1.5342871160e-01 -3.7065582000e-01
1167 1.1660100000e+01 -1.4972215340e-01 -2.3747044000e-01
1168 1.1670100000e+01 -1.4734744900e-01 3.1032439000e-01
1169 1.1680100000e+01 -1.5045069290e-01 -8.3441024000e-01
1170 1.1690100000e+01 -1.4210659050e-01 -4.2550721000e-01
1171 1.1700100000e+01 -1.3785151840e-01 3.1751741000e-01
1172 1.1710100000e+01 -1.4102669250e-01 -2.0281039300e+00
1173 1.1720100000e+01 -1.2074565320e-01 2.0651152300e+00
1174 1.1730100000e+01 -1.4139680550e-01 -1.0200014000e+00
1175 1.1740100000e+01 -1.3119679150e-01 2.1769325000e-01
1176 1.1750100000e+01 -1.3337372400e-01 -9.2592950000e-01
1177 1.1760100000e+01 -1.2411442900e-01 -1.3435487900e+00
1178 1.1770100000e+01 -1.1067894110e-01 7.3834914000e-01
1179 1.1780100000e+01 -1.1806243250e-01 1.1081794600e+00
1180 1.1790100000e+01 -1.2914422710e-01 -9.3853479000e-01
1181 1.1800100000e+01 -1.1975887920e-01 2.2035620000e-02
1182 1.1810100000e+01 -1.1997923540e-01 1.0084340000e-01
1183 1.1820100000e+01 -1.2098766940e-01 -8.6451820000e-01
1184 1.1830100000e+01 -1.1234248740e-01 -1.5988753000e-01
1185 1.1840100000e+01 -1.1074361210e-01 -9.7018882000e-01
1186 1.1850100000e+01 -1.0104172390e-01 1.4757318200e+00
1187 1.1860100000e+01 -1.1579904210e-01 -1.1390173700e+00
1188 1.1870100000e+01 -1.0440886840e-01 4.4757950000e-01
1189 1.1880100000e+01 -1.0888466340e-01 -1.0696809300e+00
1190 1.1890100000e+01 -9.8187854100e-02 -6.7070023000e-01
1191 1.1900100000e+01 -9.1480851800e-02 8.1804933000e-01
1192 1.1910100000e+01 -9.9661345100e-02 -9.2689950000e-02
1193 1.1920100000e+01 -9.8734445600e-02 -6.8423132000e-01
1194 1.1930100000e+01 -9.1892132400e-02 -1.6568760000e-02
1195 1.1940100000e+01 -9.1726444800e-02 6.4341336000e-01
1196 1.1950100000e+01 -9.8160578400e-02 -1.3343933200e+00
1197 1.1960100000e+01 -8.4816645200e-02 -1.0523138000e-01
1198 1.1970100000e+01 -8.3764331400e-02 1.4534446000e-01
1199 1.1980100000e+01 -8.5217776000e-02 -1.9377713000e-01
1200 1.1990100000e+01 -8.3280004700e-02 -2.5881622000e-01
1201 1.2000100000e+01 -8.0691842500e-02 5.2431254000e-01
1202 1.2010100000e+01 -8.5934967900e-02 -2.0299400500e+00
1203 1.2020100000e+01 -6.5635567400e-02 6.3965254000e-01
1204 1.2030100000e+01 -7.2032092800e-02 -4.1717265000e-01
1205 1.2040100000e+01 -6.7860366300e-02 9.2096030000e-01
1206 1.2050100000e+01 -7.7069969300e-02 -6.2101760000e-01
1207 1.2060100000e+01 -7.0859793300e-02 -3.3466351000e-01
1208 1.2070100000e+01 -6.7513158200e-02 2.3358042000e-01
1209 1.2080100000e+01 -6.9848962400e-02 -9.3191250000e-01
1210 1.2090100000e+01 -6.0529837400e-02 4.3056891000e-01
1211 1.2100100000e+01 -6.4835526500e-02 -2.8774670850e-01
1212 1.2110100000e+01 -6.1958059415e-02 -4.6948451500e-02
1213 1.2120100000e+01 -6.1488574900e-02 -2.0247745000e-01
1214 1.2130100000e+01 -5.9463800400e-02 -5.1174523000e-01
1215 1.2140100000e+01 -5.4346348100e-02 2.3515064700e-01
1216 1.2150100000e+01 -5.6697854570e-02 -9.9226314700e-01
1217 1.2160100000e+01 -4.6775223100e-02 3.7023050000e-01
1218 1.2170100000e+01 -5.0477528100e-02 -1.0255421000e-01
1219 1.2180100000e+01 -4.9451986000e-02 8.4636247000e-01
1220 1.2190100000e+01 -5.7915610700e-02 -1.6498900800e+00
1221 1.2200100000e+01 -4.1416709900e-02 -7.5764909000e-01
1222 1.2210100000e+01 -3.3840219000e-02 7.8065504400e-01
1223 1.2220100000e+01 -4.1646769440e-02 -2.4642577400e-01
1224 1.2230100000e+01 -3.9182511700e-02 1.4796745400e+00
1225 1.2240100000e+01 -5.3979257100e-02 -2.0835577033e+00
1226 1.2250100000e+01 -3.3143680067e-02 -3.2376221670e-01
1227 1.2260100000e+01 -2.9906057900e-02 -1.4847350000e-03
1228 1.2270100000e+01 -2.9891210550e-02 7.8300100200e-01
1229 1.2280100000e+01 -3.7721220570e-02 -9.2891358700e-01
1230 1.2290100000e+01 -2.8432084700e-02 -5.1285341900e-01
1231 1.2300100000e+01 -2.3303550510e-02 1.1068173090e+00
1232 1.2310100000e+01 -3.4371723600e-02 -1.8718965700e+00
1233 1.2320100000e+01 -1.5652757900e-02 1.3881653800e+00
1234 1.2330100000e+01 -2.9534411700e-02 -3.4984790000e-01
1235 1.2340100000e+01 -2.6035932700e-02 -1.0083220400e+00
1236 1.2350100000e+01 -1.5952712300e-02 8.9278749800e-01
1237 1.2360100000e+01 -2.4880587280e-02 -7.5381299600e-01
1238 1.2370100000e+01 -1.7342457320e-02 1.6915724900e-01
1239 1.2380100000e+01 -1.9034029810e-02 -5.7532845600e-01
1240 1.2390100000e+01 -1.3280745250e-02 -4.2375166530e-01
1241 1.2400100000e+01 -9.0432285970e-03 3.7887993830e-01
1242 1.2410100000e+01 -1.2832027980e-02 6.2479582800e-01
1243 1.2420100000e+01 -1.9079986260e-02 -1.6553270520e-01
1244 1.2430100000e+01 -1.7424659208e-02 -5.9732793240e-01
1245 1.2440100000e+01 -1.1451379884e-02 -1.7709470940e-01
1246 1.2450100000e+01 -9.6804327900e-03 -6.4428650100e-01
1247 1.2460100000e+01 -3.2375677800e-03 7.9029100700e-01
1248 1.2470100000e+01 -1.1140477850e-02 -1.1913555763e+00
1249 1.2480100000e+01 7.7307791300e-04 2.6332850130e-01
1250 1.2490100000e+01 -1.8602071000e-03 -3.2709715160e-01
1251 1.2500100000e+01 1.4107644160e-03 1.6313130660e-01
1252 1.2510100000e+01 -2.2054865000e-04 1.2719034800e-01
1253 1.2520100000e+01 -1.4924521300e-03 -9.6001674500e-01
1254 1.2530100000e+01 8.1077153200e-03 1.5637263220e+00
1255 1.2540100000e+01 -7.5295479000e-03 -6.6306950000e-01
1256 1.2550100000e+01 -8.9885290000e-04 -1.5280104400e-01
1257 1.2560100000e+01 6.2915754000e-04 -8.9050281730e-01
1258 1.2570100000e+01 9.5341857130e-03 4.8291291300e-02
1259 1.2580100000e+01 9.0512728000e-03 -2.6241630000e-02
1260 1.2590100000e+01 9.3136891000e-03 -2.4032935500e-01
1261 1.2600100000e+01 1.1716982650e-02 -1.6526199600e-01
1262 1.2610100000e+01 1.3369602610e-02 8.4140707300e-01
1263 1.2620100000e+01 4.9555318800e-03 -9.6462587700e-01
1264 1.2630100000e+01 1.4601790650e-02 3.7600257000e-01
1265 1.2640100000e+01 1.0841764950e-02 -1.4301791050e-01
1266 1.2650100000e+01 1.2271944055e-02 -1.6265668450e-01
1267 1.2660100000e+01 1.3898510900e-02 -2.7549753000e-01
1268 1.2670100000e+01 1.6653486200e-02 -1.8492587000e-01
1269 1.2680100000e+01 1.8502744900e-02 -1.0967484600e-01
1270 1.2690100000e+01 1.9599493360e-02 -4.9478844000e-01
1271 1.2700100000e+01 2.4547377760e-02 -4.2320254000e-02
1272 1.2710100000e+01 2.4970580300e-02 5.4357900000e-01
1273 1.2720100000e+01 1.9534790300e-02 -3.7293908000e-02
1274 1.2730100000e+01 1.9907729380e-02 -1.1609709200e-01
1275 1.2740100000e+01 2.1068700300e-02 -5.2589707000e-01
1276 1.2750100000e+01 2.6327671000e-02 9.5979002100e-01
1277 1.2760100000e+01 1.6729770790e-02 -1.0906066610e+00
1278 1.2770100000e+01 2.7635837400e-02 6.3086808280e-01
1279 1.2780100000e+01 2.1327156572e-02 1.6340707920e-01
1280 1.2790100000e+01 1.9693085780e-02 -4.4818803500e-01
1281 1.2800100000e+01 2.4174966130e-02 -2.9189687700e-01
1282 1.2810100000e+01 2.7093934900e-02 6.1843436600e-01
1283 1.2820100000e+01 2.0909591240e-02 -1.1323323230e+00
1284 1.2830100000e+01 3.2232914470e-02 1.0943601630e+00
1285 1.2840100000e+01 2.1289312840e-02 6.8925286000e-02
1286 1.2850100000e+01 2.0600059980e-02 -7.9405186200e-01
1287 1.2860100000e+01 2.8540578600e-02 4.3234870000e-02
1288 1.2870100000e+01 2.8108229900e-02 5.5447988900e-01
1289 1.2880100000e+01 2.2563431010e-02 -3.2863286200e-01
1290 1.2890100000e+01 2.5849759630e-02 -6.9614989400e-01
1291 1.2900100000e+01 3.2811258570e-02 2.4959004200e-01
1292 1.2910100000e+01 3.0315358150e-02 3.5105827500e-01
1293 1.2920100000e+01 2.6804775400e-02 2.2796270000e-03
1294 1.2930100000e+01 2.6781979130e-02 9.0450091000e-02
1295 1.2940100000e+01 2.5877478220e-02 -1.3205364170e-01
1296 1.2950100000e+01 2.7198014637e-02 -1.0676830263e+00
1297 1.2960100000e+01 3.7874844900e-02 -6.1212011000e-01
1298 1.2970100000e+01 4.3996046000e-02 3.2530954000e-01
1299 1.2980100000e+01 4.0742950600e-02 1.1433616490e+00
1300 1.2990100000e+01 2.9309334110e-02 3.7725532000e-02
1301 1.3000100000e+01 2.8932078790e-02 -9.7124778400e-01
1302 1.3010100000e+01 3.8644556630e-02 2.4902385500e-01
1303 1.3020100000e+01 3.6154318080e-02 -4.8839586600e-01
1304 1.3030100000e+01 4.1038276740e-02 4.2636058900e-01
1305 1.3040100000e+01 3.6774670850e-02 -2.8730952500e-01
1306 1.3050100000e+01 3.9647766100e-02 -8.9911412000e-01
1307 1.3060100000e+01 4.8638907300e-02 5.4516737000e-01
1308 1.3070100000e+01 4.3187233600e-02 5.3740933400e-01
1309 1.3080100000e+01 3.7813140260e-02 4.9343439900e-01
1310 1.3090100000e+01 3.2878796270e-02 -7.1076390300e-01
1311 1.3100100000e+01 3.9986435300e-02 3.9047700000e-02
1312 1.3110100000e+01 3.9595958300e-02 8.2674750000e-01
1313 1.3120100000e+01 3.1328483300e-02 -1.1534534600e+00
1314 1.3130100000e+01 4.2863017900e-02 8.0769217000e-01
1315 1.3140100000e+01 3.4786096200e-02 -5.8337114000e-02
1316 1.3150100000e+01 3.5369467340e-02 -6.3281707000e-02
1317 1.3160100000e+01 3.6002284410e-02 -1.0355815190e+00
1318 1.3170100000e+01 4.6358099600e-02 -1.0979243000e-01
1319 1.3180100000e+01 4.7456023900e-02 1.3853517830e+00
1320 1.3190100000e+01 3.3602506070e-02 -1.0805005130e+00
1321 1.3200100000e+01 4.4407511200e-02 -3.4017506000e-01
1322 1.3210100000e+01 4.7809261800e-02 1.5763725360e+00
1323 1.3220100000e+01 3.2045536440e-02 -5.1570046000e-02
1324 1.3230100000e+01 3.2561236900e-02 -2.0812638600e+00
1325 1.3240100000e+01 5.3373875500e-02 5.4032579000e-01
1326 1.3250100000e+01 4.7970617600e-02 1.1261287400e+00
1327 1.3260100000e+01 3.6709330200e-02 -8.9544843000e-01
1328 1.3270100000e+01 4.5663814500e-02 -1.7269386000e-01
1329 1.3280100000e+01 4.7390753100e-02 3.8792819000e-01
1330 1.3290100000e+01 4.3511471200e-02 7.3632211000e-01
1331 1.3300100000e+01 3.6148250100e-02 -1.0410796300e+00
1332 1.3310100000e+01 4.6559046400e-02 3.9786770000e-01
1333 1.3320100000e+01 4.2580369400e-02 6.7579158800e-01
1334 1.3330100000e+01 3.5822453520e-02 -1.6378951280e+00
1335 1.3340100000e+01 5.2201404800e-02 -2.0076713000e-01
1336 1.3350100000e+01 5.4209076100e-02 6.1534036000e-01
1337 1.3360100000e+01 4.8055672500e-02 6.2373698000e-01
1338 1.3370100000e+01 4.1818302700e-02 8.8579230000e-02
1339 1.3380100000e+01 4.0932510400e-02 -7.6799262000e-02
1340 1.3390100000e+01 4.1700503020e-02 -1.2922293800e-01
1341 1.3400100000e+01 4.2992732400e-02 1.4755297000e-01
1342 1.3410100000e+01 4.1517202700e-02 1.2899319000e-01
1343 1.3420100000e+01 4.0227270800e-02 3.3826383500e-01
1344 1.3430100000e+01 3.6844632450e-02 -8.6457884500e-01
1345 1.3440100000e+01 4.5490420900e-02 4.2319127400e-01
1346 1.3450100000e+01 4.1258508160e-02 -8.4032099400e-01
1347 1.3460100000e+01 4.9661718100e-02 1.4292189950e+00
1348 1.3470100000e+01 3.5369528150e-02 -2.8418536000e-01
1349 1.3480100000e+01 3.8211381750e-02 -2.1067617350e+00
1350 1.3490100000e+01 5.9278999100e-02 2.1633231900e+00
1351 1.3500100000e+01 3.7645767200e-02 8.2926800000e-02
1352 1.3510100000e+01 3.6816499200e-02 -4.5293934000e-01
1353 1.3520100000e+01 4.1345892600e-02 5.9442339000e-01
1354 1.3530100000e+01 3.5401658700e-02 -1.1431483700e+00
1355 1.3540100000e+01 4.6833142400e-02 3.3428964000e-01
1356 1.3550100000e+01 4.3490246000e-02 7.4919585000e-01
1357 1.3560100000e+01 3.5998287500e-02 -3.7979474000e-01
1358 1.3570100000e+01 3.9796234900e-02 -5.2577658000e-01
1359 1.3580100000e+01 4.5054000700e-02 1.1010364830e+00
1360 1.3590100000e+01 3.4043635870e-02 -2.7171341500e-01
1361 1.3600100000e+01 3.6760770020e-02 -6.9449408000e-02
1362 1.3610100000e+01 3.7455264100e-02 -4.2641533500e-01
1363 1.3620100000e+01 4.1719417450e-02 1.1650965750e+00
1364 1.3630100000e+01 3.0068451700e-02 -8.3905747000e-01
1365 1.3640100000e+01 3.8459026400e-02 9.5455442000e-01
1366 1.3650100000e+01 2.8913482200e-02 -1.1197045100e+00
1367 1.3660100000e+01 4.0110527300e-02 -4.1183461000e-01
1368 1.3670100000e+01 4.4228873400e-02 1.1864993700e+00
1369 1.3680100000e+01 3.2363879700e-02 -2.4785032400e-01
1370 1.3690100000e+01 3.4842382940e-02 1.8727371400e-01
1371 1.3700100000e+01 3.2969645800e-02 -7.9003144000e-02
1372 1.3710100000e+01 3.3759677240e-02 -3.6408056000e-02
1373 1.3720100000e+01 3.4123757800e-02 3.5076445000e-01
1374 1.3730100000e+01 3.0616113300e-02 -4.8350724000e-01
1375 1.3740100000e+01 3.5451185700e-02 1.5411777000e-01
1376 1.3750100000e+01 3.3910008000e-02 -2.1739994000e-01
1377 1.3760100000e+01 3.6084007400e-02 -1.6407714000e-01
1378 1.3770100000e+01 3.7724778800e-02 3.4044577000e-01
1379 1.3780100000e+01 3.4320321100e-02 -1.2701382000e-01
1380 1.3790100000e+01 3.5590459300e-02 2.1264771000e-01
1381 1.3800100000e+01 3.3463982200e-02 -5.0191494000e-01
1382 1.3810100000e+01 3.8483131600e-02 4.0687229000e-01
1383 1.3820100000e+01 3.4414408700e-02 -4.3222962500e-01
1384 1.3830100000e+01 3.8736704950e-02 1.6090705800e-01
1385 1.3840100000e+01 3.7127634370e-02 2.3415694700e-01
1386 1.3850100000e+01 3.4786064900e-02 -1.6241733000e-01
1387 1.3860100000e+01 3.6410238200e-02 1.5000061180e+00
1388 1.3870100000e+01 2.1410177020e-02 -1.6020243580e+00
1389 1.3880100000e+01 3.7430420600e-02 9.6924496300e-01
1390 1.3890100000e+01 2.7737970970e-02 -2.6837826300e-01
1391 1.3900100000e+01 3.0421753600e-02 -7.5058034000e-01
1392 1.3910100000e+01 3.7927557000e-02 1.1227461000e-01
1393 1.3920100000e+01 3.6804810900e-02 8.5238047000e-01
1394 1.3930100000e+01 2.8281006200e-02 2.2404800500e-01
1395 1.3940100000e+01 2.6040526150e-02 -1.8798061500e-01
1396 1.3950100000e+01 2.7920332300e-02 -6.8817872000e-01
1397 1.3960100000e+01 3.4802119500e-02 9.9795010000e-01
1398 1.3970100000e+01 2.4822618500e-02 3.6544926000e-02
1399 1.3980100000e+01 2.4457169240e-02 -1.9523951700e-01
1400 1.3990100000e+01 2.6409564410e-02 -6.0780436900e-01
1401 1.4000100000e+01 3.2487608100e-02 5.3629191000e-01
1402 1.4010100000e+01 2.7124689000e-02 3.7495325500e-02
1403 1.4020100000e+01 2.6749735745e-02 -1.2587688155e+00
1404 1.4030100000e+01 3.9337423900e-02 1.3401456710e+00
1405 1.4040100000e+01 2.5935967190e-02 -4.8366632100e-01
1406 1.4050100000e+01 3.0772630400e-02 -1.6887624000e-01
1407 1.4060100000e+01 3.2461392800e-02 1.0906350370e+00
1408 1.4070100000e+01 2.1555042430e-02 -3.5871047000e-02
1409 1.4080100000e+01 2.1913752900e-02 -5.1004709000e-01
1410 1.4090100000e+01 2.7014223800e-02 6.2274234000e-02
1411 1.4100100000e+01 2.6391481460e-02 1.1156889600e-01
1412 1.4110100000e+01 2.5275792500e-02 4.6259407100e-01
1413 1.4120100000e+01 2.0649851790e-02 -1.6670020870e-01
1414 1.4130100000e+01 2.2316853877e-02 4.3117420670e-01
1415 1.4140100000e+01 1.8005111810e-02 -4.1137561600e-01
1416 1.4150100000e+01 2.2118867970e-02 -2.9840455300e-01
1417 1.4160100000e+01 2.5102913500e-02 1.1672255210e+00
1418 1.4170100000e+01 1.3430658290e-02 -1.3859044110e+00
1419 1.4180100000e+01 2.7289702400e-02 3.9547713000e-01
1420 1.4190100000e+01 2.3334931100e-02 3.6389847500e-01
1421 1.4200100000e+01 1.9695946350e-02 -1.5947584700e-01
1422 1.4210100000e+01 2.1290704820e-02 9.7586171000e-02
1423 1.4220100000e+01 2.0314843110e-02 -5.0679862300e-01
1424 1.4230100000e+01 2.5382829340e-02 4.2215870400e-01
1425 1.4240100000e+01 2.1161242300e-02 1.7154183930e+00
1426 1.4250100000e+01 4.0070583700e-03 -1.2438084890e+00
1427 1.4260100000e+01 1.6445143260e-02 -1.8874904100e-01
1428 1.4270100000e+01 1.8332633670e-02 -8.1470600100e-01
1429 1.4280100000e+01 2.6479693680e-02 1.3974715180e+00
1430 1.4290100000e+01 1.2504978500e-02 -9.5772336000e-01
1431 1.4300100000e+01 2.2082212100e-02 1.1659476800e+00
1432 1.4310100000e+01 1.0422735300e-02 -5.5479811600e-01
1433 1.4320100000e+01 1.5970716460e-02 -5.2622422400e-01
1434 1.4330100000e+01 2.1232958700e-02 1.1895422920e+00
1435 1.4340100000e+01 9.3375357800e-03 -5.0652808500e-01
1436 1.4350100000e+01 1.4402816630e-02 -7.2861318400e-01
1437 1.4360100000e+01 2.1688948470e-02 9.4790983430e-01
1438 1.4370100000e+01 1.2209850127e-02 5.5855646970e-01
1439 1.4380100000e+01 6.6242854300e-03 -1.5399506520e+00
1440 1.4390100000e+01 2.2023791950e-02 -2.7810604000e-02
1441 1.4400100000e+01 2.2301897990e-02 3.1873998700e-01
1442 1.4410100000e+01 1.9114498120e-02 -2.5559932800e-01
1443 1.4420100000e+01 2.1670491400e-02 1.0677014086e+00
1444 1.4430100000e+01 1.0993477314e-02 -1.6098564600e-02
1445 1.4440100000e+01 1.1154462960e-02 -5.1799582500e-01
1446 1.4450100000e+01 1.6334421210e-02 8.7577582600e-01
1447 1.4460100000e+01 7.5766629500e-03 -1.1999758750e+00
1448 1.4470100000e+01 1.9576421700e-02 7.0559741500e-01
1449 1.4480100000e+01 1.2520447550e-02 1.5113969100e-01
1450 1.4490100000e+01 1.1009050640e-02 -3.1961354900e-01
1451 1.4500100000e+01 1.4205186130e-02 -4.4557620706e-01
1452 1.4510100000e+01 1.8660948201e-02 5.6308354136e-01
1453 1.4520100000e+01 1.3030112787e-02 1.4407511173e+00
1454 1.4530100000e+01 -1.3773983858e-03 -5.9054349758e-01
1455 1.4540100000e+01 4.5280365900e-03 -3.2988061700e-01
1456 1.4550100000e+01 7.8268427600e-03 -2.5270540100e-01
1457 1.4560100000e+01 1.0353896770e-02 -4.1556072100e-01
1458 1.4570100000e+01 1.4509503980e-02 1.3047526730e+00
1459 1.4580100000e+01 1.4619772500e-03 -9.0338425000e-01
1460 1.4590100000e+01 1.0495819750e-02 5.9507041000e-02
1461 1.4600100000e+01 9.9007493400e-03 1.6518988900e-01
1462 1.4610100000e+01 8.2488504500e-03 -8.7579509700e-02
1463 1.4620100000e+01 9.1246455470e-03 1.9403144870e-01
1464 1.4630100000e+01 7.1843310600e-03 7.7862873100e-01
1465 1.4640100000e+01 -6.0195625000e-04 -7.6681542600e-01
1466 1.4650100000e+01 7.0661980100e-03 -4.5963945000e-01
1467 1.4660100000e+01 1.1662592510e-02 1.5417464600e-01
1468 1.4670100000e+01 1.0120846050e-02 -1.3486084000e-02
1469 1.4680100000e+01 1.0255706890e-02 1.2075707500e-01
1470 1.4690100000e+01 9.0481361400e-03 1.0613242410e+00
1471 1.4700100000e+01 -1.5651062700e-03 -6.2890777320e-01
1472 1.4710100000e+01 4.7239714620e-03 -3.3878185280e-01
1473 1.4720100000e+01 8.1117899900e-03 8.3563113020e-01
1474 1.4730100000e+01 -2.4452131200e-04 -1.1348956742e+00
1475 1.4740100000e+01 1.1104435430e-02 5.6041837500e-01
1476 1.4750100000e+01 5.5002516800e-03 -1.0073116700e-01
1477 1.4760100000e+01 6.5075633500e-03 1.1843662545e+00
1478 1.4770100000e+01 -5.3360991950e-03 -1.2089365595e+00
1479 1.4780100000e+01 6.7532664000e-03 4.3014287400e-01
1480 1.4790100000e+01 2.4518376600e-03 -1.0081862300e-01
1481 1.4800100000e+01 3.4600238900e-03 -3.9636580300e-02
1482 1.4810100000e+01 3.8563896930e-03 1.9409617930e-01
1483 1.4820100000e+01 1.9154279000e-03 2.2598795700e-01
1484 1.4830100000e+01 -3.4445167000e-04 1.7669105000e-01
1485 1.4840100000e+01 -2.1113621700e-03 -9.6156312700e-01
1486 1.4850100000e+01 7.5042691000e-03 -3.2466147300e-01
1487 1.4860100000e+01 1.0750883830e-02 1.8247251260e-01
1488 1.4870100000e+01 8.9261587040e-03 1.7983745970e+00
1489 1.4880100000e+01 -9.0575872660e-03 -8.7982757690e-01
1490 1.4890100000e+01 -2.5931149700e-04 2.1094714400e-02
1491 1.4900100000e+01 -4.7025864100e-04 -1.3329875105e+00
1492 1.4910100000e+01 1.2859616464e-02 7.5055958840e-01
1493 1.4920100000e+01 5.3540205800e-03 -1.8837831000e-01
1494 1.4930100000e+01 7.2378036800e-03 2.3299268800e-01
1495 1.4940100000e+01 4.9078768000e-03 -1.4607077200e-01
1496 1.4950100000e+01 6.3685845200e-03 8.3385810000e-03
1497 1.4960100000e+01 6.2851987100e-03 -6.3263618300e-01
1498 1.4970100000e+01 1.2611560540e-02 8.2567301720e-01
1499 1.4980100000e+01 4.3548303680e-03 8.0486410680e-01
1500 1.4990100000e+01 -3.6938107000e-03 -9.0109913900e-01
1501 1.5000100000e+01 5.3171806900e-03 1.6245333720e-01
1502 1.5010100000e+01 3.6926473180e-03 7.4438988530e-01
1503 1.5020100000e+01 -3.7512515350e-03 -1.0724495635e+00
1504 1.5030100000e+01 6.9732441000e-03 3.6178445800e-02
1505 1.5040100000e+01 6.6114596420e-03 5.2816489110e-01
1506 1.5050100000e+01 1.3298107310e-03 3.3699376910e-01
1507 1.5060100000e+01 -2.0401269600e-03 8.3099015500e-01
1508 1.5070100000e+01 -1.0350028510e-02 -1.2638561990e+00
1509 1.5080100000e+01 2.2885334800e-03 3.5194085000e-02
1510 1.5090100000e+01 1.9365926300e-03 5.6111770620e-01
1511 1.5100100000e+01 -3.6745844320e-03 1.1181410168e+00
1512 1.5110100000e+01 -1.4855994600e-02 -6.2129383800e-01
1513 1.5120100000e+01 -8.6430562200e-03 -1.6448452790e+00
1514 1.5130100000e+01 7.8053965700e-03 2.7276312400e-01
1515 1.5140100000e+01 5.0777653300e-03 -8.5245680400e-01
1516 1.5150100000e+01 1.3602333370e-02 8.5596823715e-01
1517 1.5160100000e+01 5.0426509985e-03 8.1200480085e-01
1518 1.5170100000e+01 -3.0773970100e-03 -2.6949327200e-01
1519 1.5180100000e+01 -3.8246429000e-04 5.9520733800e-01
1520 1.5190100000e+01 -6.3345376700e-03 6.3296212000e-03
1521 1.5200100000e+01 -6.3978338820e-03 4.1018346400e-02
1522 1.5210100000e+01 -6.8080173460e-03 -4.6292878360e-01
1523 1.5220100000e+01 -2.1787295100e-03 -2.1707987000e-02
1524 1.5230100000e+01 -1.9616496400e-03 4.4097895500e-01
1525 1.5240100000e+01 -6.3714391900e-03 -9.2794253200e-01
1526 1.5250100000e+01 2.9079861300e-03 1.1879074470e+00
1527 1.5260100000e+01 -8.9710883400e-03 -1.9813391346e+00
1528 1.5270100000e+01 1.0842303006e-02 3.1471318360e-01
1529 1.5280100000e+01 7.6951711700e-03 1.3336438519e+00
1530 1.5290100000e+01 -5.6412673486e-03 -1.0963148234e+00
1531 1.5300100000e+01 5.3218808850e-03 -1.9280416720e-01
1532 1.5310100000e+01 7.2499225570e-03 2.3987621470e-01
1533 1.5320100000e+01 4.8511604100e-03 2.2366845900e-01
1534 1.5330100000e+01 2.6144758200e-03 -3.5421007500e-01
1535 1.5340100000e+01 6.1565765700e-03 8.8342558800e-01
1536 1.5350100000e+01 -2.6776793100e-03 -4.5584645220e-02
1537 1.5360100000e+01 -2.2218328578e-03 9.5781271122e-01
1538 1.5370100000e+01 -1.1799959970e-02 -1.0611667244e+00
1539 1.5380100000e+01 -1.1882927260e-03 1.3727824270e-01
1540 1.5390100000e+01 -2.5610751530e-03 8.0605813570e-01
1541 1.5400100000e+01 -1.0621656510e-02 -7.8902440660e-01
1542 1.5410100000e+01 -2.7314124440e-03 -4.2165687140e-01
1543 1.5420100000e+01 1.4851562700e-03 -5.9308309600e-01
1544 1.5430100000e+01 7.4159872300e-03 1.6540823320e+00
1545 1.5440100000e+01 -9.1248360900e-03 -9.4550656200e-01
1546 1.5450100000e+01 3.3022953000e-04 -5.7413365830e-01
1547 1.5460100000e+01 6.0715661130e-03 8.1356891930e-01
1548 1.5470100000e+01 -2.0641230800e-03 2.9290969300e-01
1549 1.5480100000e+01 -4.9932200100e-03 -3.2184290570e-01
1550 1.5490100000e+01 -1.7747909530e-03 -0.0000000000e+00
