VOTCA
N 1550 R 0.000100 15.500000

1 1.0000000002e-04 3.0487872669e+03 1.0000000000e+03
2 1.0100000000e-02 3.0387872669e+03 1.0000000000e+03
3 2.0100000000e-02 3.0287872669e+03 1.0000000000e+03
4 3.0100000000e-02 3.0187872669e+03 1.0000000000e+03
5 4.0100000000e-02 3.0087872669e+03 1.0000000000e+03
6 5.0100000000e-02 2.9987872669e+03 1.0000000000e+03
7 6.0100000000e-02 2.9887872669e+03 1.0000000000e+03
8 7.0100000000e-02 2.9787872669e+03 1.0000000000e+03
9 8.0100000000e-02 2.9687872669e+03 1.0000000000e+03
10 9.0100000000e-02 2.9587872669e+03 1.0000000000e+03
11 1.0010000000e-01 2.9487872669e+03 1.0000000000e+03
12 1.1010000000e-01 2.9387872669e+03 1.0000000000e+03
13 1.2010000000e-01 2.9287872669e+03 1.0000000000e+03
14 1.3010000000e-01 2.9187872669e+03 1.0000000000e+03
15 1.4010000000e-01 2.9087872669e+03 1.0000000000e+03
16 1.5010000000e-01 2.8987872669e+03 1.0000000000e+03
17 1.6010000000e-01 2.8887872669e+03 1.0000000000e+03
18 1.7010000000e-01 2.8787872669e+03 1.0000000000e+03
19 1.8010000000e-01 2.8687872669e+03 1.0000000000e+03
20 1.9010000000e-01 2.8587872669e+03 1.0000000000e+03
21 2.0010000000e-01 2.8487872669e+03 1.0000000000e+03
22 2.1010000000e-01 2.8387872669e+03 1.0000000000e+03
23 2.2010000000e-01 2.8287872669e+03 1.0000000000e+03
24 2.3010000000e-01 2.8187872669e+03 1.0000000000e+03
25 2.4010000000e-01 2.8087872669e+03 1.0000000000e+03
26 2.5010000000e-01 2.7987872669e+03 1.0000000000e+03
27 2.6010000000e-01 2.7887872669e+03 1.0000000000e+03
28 2.7010000000e-01 2.7787872669e+03 1.0000000000e+03
29 2.8010000000e-01 2.7687872669e+03 1.0000000000e+03
30 2.9010000000e-01 2.7587872669e+03 1.0000000000e+03
31 3.0010000000e-01 2.7487872669e+03 1.0000000000e+03
32 3.1010000000e-01 2.7387872669e+03 1.0000000000e+03
33 3.2010000000e-01 2.7287872669e+03 1.0000000000e+03
34 3.3010000000e-01 2.7187872669e+03 1.0000000000e+03
35 3.4010000000e-01 2.7087872669e+03 1.0000000000e+03
36 3.5010000000e-01 2.6987872669e+03 1.0000000000e+03
37 3.6010000000e-01 2.6887872669e+03 1.0000000000e+03
38 3.7010000000e-01 2.6787872669e+03 1.0000000000e+03
39 3.8010000000e-01 2.6687872669e+03 1.0000000000e+03
40 3.9010000000e-01 2.6587872669e+03 1.0000000000e+03
41 4.0010000000e-01 2.6487872669e+03 1.0000000000e+03
42 4.1010000000e-01 2.6387872669e+03 1.0000000000e+03
43 4.2010000000e-01 2.6287872669e+03 1.0000000000e+03
44 4.3010000000e-01 2.6187872669e+03 1.0000000000e+03
45 4.4010000000e-01 2.6087872669e+03 1.0000000000e+03
46 4.5010000000e-01 2.5987872669e+03 1.0000000000e+03
47 4.6010000000e-01 2.5887872669e+03 1.0000000000e+03
48 4.7010000000e-01 2.5787872669e+03 1.0000000000e+03
49 4.8010000000e-01 2.5687872669e+03 1.0000000000e+03
50 4.9010000000e-01 2.5587872669e+03 1.0000000000e+03
51 5.0010000000e-01 2.5487872669e+03 1.0000000000e+03
52 5.1010000000e-01 2.5387872669e+03 1.0000000000e+03
53 5.2010000000e-01 2.5287872669e+03 1.0000000000e+03
54 5.3010000000e-01 2.5187872669e+03 1.0000000000e+03
55 5.4010000000e-01 2.5087872669e+03 1.0000000000e+03
56 5.5010000000e-01 2.4987872669e+03 1.0000000000e+03
57 5.6010000000e-01 2.4887872669e+03 1.0000000000e+03
58 5.7010000000e-01 2.4787872669e+03 1.0000000000e+03
59 5.8010000000e-01 2.4687872669e+03 1.0000000000e+03
60 5.9010000000e-01 2.4587872669e+03 1.0000000000e+03
61 6.0010000000e-01 2.4487872669e+03 1.0000000000e+03
62 6.1010000000e-01 2.4387872669e+03 1.0000000000e+03
63 6.2010000000e-01 2.4287872669e+03 1.0000000000e+03
64 6.3010000000e-01 2.4187872669e+03 1.0000000000e+03
65 6.4010000000e-01 2.4087872669e+03 1.0000000000e+03
66 6.5010000000e-01 2.3987872669e+03 1.0000000000e+03
67 6.6010000000e-01 2.3887872669e+03 1.0000000000e+03
68 6.7010000000e-01 2.3787872669e+03 1.0000000000e+03
69 6.8010000000e-01 2.3687872669e+03 1.0000000000e+03
70 6.9010000000e-01 2.3587872669e+03 1.0000000000e+03
71 7.0010000000e-01 2.3487872669e+03 1.0000000000e+03
72 7.1010000000e-01 2.3387872669e+03 1.0000000000e+03
73 7.2010000000e-01 2.3287872669e+03 1.0000000000e+03
74 7.3010000000e-01 2.3187872669e+03 1.0000000000e+03
75 7.4010000000e-01 2.3087872669e+03 1.0000000000e+03
76 7.5010000000e-01 2.2987872669e+03 1.0000000000e+03
77 7.6010000000e-01 2.2887872669e+03 1.0000000000e+03
78 7.7010000000e-01 2.2787872669e+03 1.0000000000e+03
79 7.8010000000e-01 2.2687872669e+03 1.0000000000e+03
80 7.9010000000e-01 2.2587872669e+03 1.0000000000e+03
81 8.0010000000e-01 2.2487872669e+03 1.0000000000e+03
82 8.1010000000e-01 2.2387872669e+03 1.0000000000e+03
83 8.2010000000e-01 2.2287872669e+03 1.0000000000e+03
84 8.3010000000e-01 2.2187872669e+03 1.0000000000e+03
85 8.4010000000e-01 2.2087872669e+03 1.0000000000e+03
86 8.5010000000e-01 2.1987872669e+03 1.0000000000e+03
87 8.6010000000e-01 2.1887872669e+03 1.0000000000e+03
88 8.7010000000e-01 2.1787872669e+03 1.0000000000e+03
89 8.8010000000e-01 2.1687872669e+03 1.0000000000e+03
90 8.9010000000e-01 2.1587872669e+03 1.0000000000e+03
91 9.0010000000e-01 2.1487872669e+03 1.0000000000e+03
92 9.1010000000e-01 2.1387872669e+03 1.0000000000e+03
93 9.2010000000e-01 2.1287872669e+03 1.0000000000e+03
94 9.3010000000e-01 2.1187872669e+03 1.0000000000e+03
95 9.4010000000e-01 2.1087872669e+03 1.0000000000e+03
96 9.5010000000e-01 2.0987872669e+03 1.0000000000e+03
97 9.6010000000e-01 2.0887872669e+03 1.0000000000e+03
98 9.7010000000e-01 2.0787872669e+03 1.0000000000e+03
99 9.8010000000e-01 2.0687872669e+03 1.0000000000e+03
100 9.9010000000e-01 2.0587872669e+03 1.0000000000e+03
101 1.0001000000e+00 2.0487872669e+03 1.0000000000e+03
102 1.0101000000e+00 2.0387872669e+03 1.0000000000e+03
103 1.0201000000e+00 2.0287872669e+03 1.0000000000e+03
104 1.0301000000e+00 2.0187872669e+03 1.0000000000e+03
105 1.0401000000e+00 2.0087872669e+03 1.0000000000e+03
106 1.0501000000e+00 1.9987872669e+03 1.0000000000e+03
107 1.0601000000e+00 1.9887872669e+03 1.0000000000e+03
108 1.0701000000e+00 1.9787872669e+03 1.0000000000e+03
109 1.0801000000e+00 1.9687872669e+03 1.0000000000e+03
110 1.0901000000e+00 1.9587872669e+03 1.0000000000e+03
111 1.1001000000e+00 1.9487872669e+03 1.0000000000e+03
112 1.1101000000e+00 1.9387872669e+03 1.0000000000e+03
113 1.1201000000e+00 1.9287872669e+03 1.0000000000e+03
114 1.1301000000e+00 1.9187872669e+03 1.0000000000e+03
115 1.1401000000e+00 1.9087872669e+03 1.0000000000e+03
116 1.1501000000e+00 1.8987872669e+03 1.0000000000e+03
117 1.1601000000e+00 1.8887872669e+03 1.0000000000e+03
118 1.1701000000e+00 1.8787872669e+03 1.0000000000e+03
119 1.1801000000e+00 1.8687872669e+03 1.0000000000e+03
120 1.1901000000e+00 1.8587872669e+03 1.0000000000e+03
121 1.2001000000e+00 1.8487872669e+03 1.0000000000e+03
122 1.2101000000e+00 1.8387872669e+03 1.0000000000e+03
123 1.2201000000e+00 1.8287872669e+03 1.0000000000e+03
124 1.2301000000e+00 1.8187872669e+03 1.0000000000e+03
125 1.2401000000e+00 1.8087872669e+03 1.0000000000e+03
126 1.2501000000e+00 1.7987872669e+03 1.0000000000e+03
127 1.2601000000e+00 1.7887872669e+03 1.0000000000e+03
128 1.2701000000e+00 1.7787872669e+03 1.0000000000e+03
129 1.2801000000e+00 1.7687872669e+03 1.0000000000e+03
130 1.2901000000e+00 1.7587872669e+03 1.0000000000e+03
131 1.3001000000e+00 1.7487872669e+03 1.0000000000e+03
132 1.3101000000e+00 1.7387872669e+03 1.0000000000e+03
133 1.3201000000e+00 1.7287872669e+03 1.0000000000e+03
134 1.3301000000e+00 1.7187872669e+03 1.0000000000e+03
135 1.3401000000e+00 1.7087872669e+03 1.0000000000e+03
136 1.3501000000e+00 1.6987872669e+03 1.0000000000e+03
137 1.3601000000e+00 1.6887872669e+03 1.0000000000e+03
138 1.3701000000e+00 1.6787872669e+03 1.0000000000e+03
139 1.3801000000e+00 1.6687872669e+03 1.0000000000e+03
140 1.3901000000e+00 1.6587872669e+03 1.0000000000e+03
141 1.4001000000e+00 1.6487872669e+03 1.0000000000e+03
142 1.4101000000e+00 1.6387872669e+03 1.0000000000e+03
143 1.4201000000e+00 1.6287872669e+03 1.0000000000e+03
144 1.4301000000e+00 1.6187872669e+03 1.0000000000e+03
145 1.4401000000e+00 1.6087872669e+03 1.0000000000e+03
146 1.4501000000e+00 1.5987872669e+03 1.0000000000e+03
147 1.4601000000e+00 1.5887872669e+03 1.0000000000e+03
148 1.4701000000e+00 1.5787872669e+03 1.0000000000e+03
149 1.4801000000e+00 1.5687872669e+03 1.0000000000e+03
150 1.4901000000e+00 1.5587872669e+03 1.0000000000e+03
151 1.5001000000e+00 1.5487872669e+03 1.0000000000e+03
152 1.5101000000e+00 1.5387872669e+03 1.0000000000e+03
153 1.5201000000e+00 1.5287872669e+03 1.0000000000e+03
154 1.5301000000e+00 1.5187872669e+03 1.0000000000e+03
155 1.5401000000e+00 1.5087872669e+03 1.0000000000e+03
156 1.5501000000e+00 1.4987872669e+03 1.0000000000e+03
157 1.5601000000e+00 1.4887872669e+03 1.0000000000e+03
158 1.5701000000e+00 1.4787872669e+03 1.0000000000e+03
159 1.5801000000e+00 1.4687872669e+03 1.0000000000e+03
160 1.5901000000e+00 1.4587872669e+03 1.0000000000e+03
161 1.6001000000e+00 1.4487872669e+03 1.0000000000e+03
162 1.6101000000e+00 1.4387872669e+03 1.0000000000e+03
163 1.6201000000e+00 1.4287872669e+03 1.0000000000e+03
164 1.6301000000e+00 1.4187872669e+03 1.0000000000e+03
165 1.6401000000e+00 1.4087872669e+03 1.0000000000e+03
166 1.6501000000e+00 1.3987872669e+03 1.0000000000e+03
167 1.6601000000e+00 1.3887872669e+03 1.0000000000e+03
168 1.6701000000e+00 1.3787872669e+03 1.0000000000e+03
169 1.6801000000e+00 1.3687872669e+03 1.0000000000e+03
170 1.6901000000e+00 1.3587872669e+03 1.0000000000e+03
171 1.7001000000e+00 1.3487872669e+03 1.0000000000e+03
172 1.7101000000e+00 1.3387872669e+03 1.0000000000e+03
173 1.7201000000e+00 1.3287872669e+03 1.0000000000e+03
174 1.7301000000e+00 1.3187872669e+03 1.0000000000e+03
175 1.7401000000e+00 1.3087872669e+03 1.0000000000e+03
176 1.7501000000e+00 1.2987872669e+03 1.0000000000e+03
177 1.7601000000e+00 1.2887872669e+03 1.0000000000e+03
178 1.7701000000e+00 1.2787872669e+03 1.0000000000e+03
179 1.7801000000e+00 1.2687872669e+03 1.0000000000e+03
180 1.7901000000e+00 1.2587872669e+03 1.0000000000e+03
181 1.8001000000e+00 1.2487872669e+03 1.0000000000e+03
182 1.8101000000e+00 1.2387872669e+03 1.0000000000e+03
183 1.8201000000e+00 1.2287872669e+03 1.0000000000e+03
184 1.8301000000e+00 1.2187872669e+03 1.0000000000e+03
185 1.8401000000e+00 1.2087872669e+03 1.0000000000e+03
186 1.8501000000e+00 1.1987872669e+03 1.0000000000e+03
187 1.8601000000e+00 1.1887872669e+03 1.0000000000e+03
188 1.8701000000e+00 1.1787872669e+03 1.0000000000e+03
189 1.8801000000e+00 1.1687872669e+03 1.0000000000e+03
190 1.8901000000e+00 1.1587872669e+03 1.0000000000e+03
191 1.9001000000e+00 1.1487872669e+03 1.0000000000e+03
192 1.9101000000e+00 1.1387872669e+03 1.0000000000e+03
193 1.9201000000e+00 1.1287872669e+03 1.0000000000e+03
194 1.9301000000e+00 1.1187872669e+03 1.0000000000e+03
195 1.9401000000e+00 1.1087872669e+03 1.0000000000e+03
196 1.9501000000e+00 1.0987872669e+03 1.0000000000e+03
197 1.9601000000e+00 1.0887872669e+03 1.0000000000e+03
198 1.9701000000e+00 1.0787872669e+03 1.0000000000e+03
199 1.9801000000e+00 1.0687872669e+03 1.0000000000e+03
200 1.9901000000e+00 1.0587872669e+03 1.0000000000e+03
201 2.0001000000e+00 1.0487872669e+03 1.0000000000e+03
202 2.0101000000e+00 1.0387872669e+03 1.0000000000e+03
203 2.0201000000e+00 1.0287872669e+03 1.0000000000e+03
204 2.0301000000e+00 1.0187872669e+03 1.0000000000e+03
205 2.0401000000e+00 1.0087872669e+03 1.0000000000e+03
206 2.0501000000e+00 9.9878726687e+02 1.0000000000e+03
207 2.0601000000e+00 9.8878726687e+02 1.0000000000e+03
208 2.0701000000e+00 9.7878726687e+02 1.0000000000e+03
209 2.0801000000e+00 9.6878726687e+02 1.0000000000e+03
210 2.0901000000e+00 9.5878726687e+02 1.0000000000e+03
211 2.1001000000e+00 9.4878726687e+02 1.0000000000e+03
212 2.1101000000e+00 9.3878726687e+02 1.0000000000e+03
213 2.1201000000e+00 9.2878726687e+02 1.0000000000e+03
214 2.1301000000e+00 9.1878726687e+02 1.0000000000e+03
215 2.1401000000e+00 9.0878726687e+02 1.0000000000e+03
216 2.1501000000e+00 8.9878726687e+02 1.0000000000e+03
217 2.1601000000e+00 8.8878726687e+02 1.0000000000e+03
218 2.1701000000e+00 8.7878726687e+02 1.0000000000e+03
219 2.1801000000e+00 8.6878726687e+02 1.0000000000e+03
220 2.1901000000e+00 8.5878726687e+02 1.0000000000e+03
221 2.2001000000e+00 8.4878726687e+02 1.0000000000e+03
222 2.2101000000e+00 8.3878726687e+02 1.0000000000e+03
223 2.2201000000e+00 8.2878726687e+02 1.0000000000e+03
224 2.2301000000e+00 8.1878726687e+02 1.0000000000e+03
225 2.2401000000e+00 8.0878726687e+02 1.0000000000e+03
226 2.2501000000e+00 7.9878726687e+02 1.0000000000e+03
227 2.2601000000e+00 7.8878726687e+02 1.0000000000e+03
228 2.2701000000e+00 7.7878726687e+02 1.0000000000e+03
229 2.2801000000e+00 7.6878726687e+02 1.0000000000e+03
230 2.2901000000e+00 7.5878726687e+02 1.0000000000e+03
231 2.3001000000e+00 7.4878726687e+02 1.0000000000e+03
232 2.3101000000e+00 7.3878726687e+02 1.0000000000e+03
233 2.3201000000e+00 7.2878726687e+02 1.0000000000e+03
234 2.3301000000e+00 7.1878726687e+02 1.0000000000e+03
235 2.3401000000e+00 7.0878726687e+02 1.0000000000e+03
236 2.3501000000e+00 6.9878726687e+02 1.0000000000e+03
237 2.3601000000e+00 6.8878726687e+02 1.0000000000e+03
238 2.3701000000e+00 6.7878726687e+02 1.0000000000e+03
239 2.3801000000e+00 6.6878726687e+02 1.0000000000e+03
240 2.3901000000e+00 6.5878726687e+02 1.0000000000e+03
241 2.4001000000e+00 6.4878726687e+02 1.0000000000e+03
242 2.4101000000e+00 6.3878726687e+02 1.0000000000e+03
243 2.4201000000e+00 6.2878726687e+02 1.0000000000e+03
244 2.4301000000e+00 6.1878726687e+02 1.0000000000e+03
245 2.4401000000e+00 6.0878726687e+02 1.0000000000e+03
246 2.4501000000e+00 5.9878726687e+02 1.0000000000e+03
247 2.4601000000e+00 5.8878726687e+02 1.0000000000e+03
248 2.4701000000e+00 5.7878726687e+02 1.0000000000e+03
249 2.4801000000e+00 5.6878726687e+02 1.0000000000e+03
250 2.4901000000e+00 5.5878726687e+02 1.0000000000e+03
251 2.5001000000e+00 5.4878726687e+02 1.0000000000e+03
252 2.5101000000e+00 5.3878726687e+02 1.0000000000e+03
253 2.5201000000e+00 5.2878726687e+02 1.0000000000e+03
254 2.5301000000e+00 5.1878726687e+02 1.0000000000e+03
255 2.5401000000e+00 5.0878726687e+02 1.0000000000e+03
256 2.5501000000e+00 4.9878726687e+02 1.0000000000e+03
257 2.5601000000e+00 4.8878726687e+02 1.0000000000e+03
258 2.5701000000e+00 4.7878726687e+02 1.0000000000e+03
259 2.5801000000e+00 4.6878726687e+02 1.0000000000e+03
260 2.5901000000e+00 4.5878726687e+02 1.0000000000e+03
261 2.6001000000e+00 4.4878726687e+02 1.0000000000e+03
262 2.6101000000e+00 4.3878726687e+02 1.0000000000e+03
263 2.6201000000e+00 4.2878726687e+02 1.0000000000e+03
264 2.6301000000e+00 4.1878726687e+02 1.0000000000e+03
265 2.6401000000e+00 4.0878726687e+02 1.0000000000e+03
266 2.6501000000e+00 3.9878726687e+02 1.0000000000e+03
267 2.6601000000e+00 3.8878726687e+02 1.0000000000e+03
268 2.6701000000e+00 3.7878726687e+02 1.0000000000e+03
269 2.6801000000e+00 3.6878726687e+02 1.0000000000e+03
270 2.6901000000e+00 3.5878726687e+02 1.0000000000e+03
271 2.7001000000e+00 3.4878726687e+02 1.0000000000e+03
272 2.7101000000e+00 3.3878726687e+02 1.0000000000e+03
273 2.7201000000e+00 3.2878726687e+02 1.0000000000e+03
274 2.7301000000e+00 3.1878726687e+02 1.0000000000e+03
275 2.7401000000e+00 3.0878726687e+02 1.0000000000e+03
276 2.7501000000e+00 2.9878726687e+02 1.0000000000e+03
277 2.7601000000e+00 2.8878726687e+02 1.0000000000e+03
278 2.7701000000e+00 2.7878726687e+02 1.0000000000e+03
279 2.7801000000e+00 2.6878726687e+02 1.0000000000e+03
280 2.7901000000e+00 2.5878726687e+02 1.0000000000e+03
281 2.8001000000e+00 2.4878726687e+02 1.0000000000e+03
282 2.8101000000e+00 2.3878726687e+02 1.0000000000e+03
283 2.8201000000e+00 2.2878726687e+02 1.0000000000e+03
284 2.8301000000e+00 2.1878726687e+02 1.0000000000e+03
285 2.8401000000e+00 2.0878726687e+02 1.0000000000e+03
286 2.8501000000e+00 1.9878726687e+02 1.0000000000e+03
287 2.8601000000e+00 1.8878726687e+02 1.0000000000e+03
288 2.8701000000e+00 1.7878726687e+02 1.0000000000e+03
289 2.8801000000e+00 1.6878726687e+02 1.0000000000e+03
290 2.8901000000e+00 1.5878726687e+02 1.0000000000e+03
291 2.9001000000e+00 1.4878726687e+02 1.0000000000e+03
292 2.9101000000e+00 1.3878726687e+02 1.0000000000e+03
293 2.9201000000e+00 1.2878726687e+02 1.0000000000e+03
294 2.9301000000e+00 1.1878726687e+02 1.0000000000e+03
295 2.9401000000e+00 1.0878726687e+02 1.0000000000e+03
296 2.9501000000e+00 9.8787266870e+01 1.0000000000e+03
297 2.9601000000e+00 8.8787266870e+01 1.0000000000e+03
298 2.9701000000e+00 7.8787266870e+01 1.0000000000e+03
299 2.9801000000e+00 6.8787266870e+01 1.0000000000e+03
300 2.9901000000e+00 5.8787266870e+01 1.0000000000e+03
301 3.0001000000e+00 4.8787266870e+01 1.2723547000e+02
302 3.0101000000e+00 4.7514912170e+01 3.4320040000e+01
303 3.0201000000e+00 4.7171711770e+01 1.9328467000e+02
304 3.0301000000e+00 4.5238865070e+01 -1.3128640000e+01
305 3.0401000000e+00 4.5370151470e+01 -6.6435400000e+00
306 3.0501000000e+00 4.5436586870e+01 1.2789747000e+02
307 3.0601000000e+00 4.4157612170e+01 5.1486430000e+01
308 3.0701000000e+00 4.3642747870e+01 1.1829328000e+02
309 3.0801000000e+00 4.2459815070e+01 -4.2987150000e+01
310 3.0901000000e+00 4.2889686570e+01 1.3594776000e+02
311 3.1001000000e+00 4.1530208970e+01 1.6826088000e+02
312 3.1101000000e+00 3.9847600170e+01 2.4348800000e+00
313 3.1201000000e+00 3.9823251370e+01 1.3976946000e+02
314 3.1301000000e+00 3.8425556770e+01 -9.2760050000e+01
315 3.1401000000e+00 3.9353157270e+01 1.7673291000e+02
316 3.1501000000e+00 3.7585828170e+01 5.7369910000e+01
317 3.1601000000e+00 3.7012129070e+01 -2.7777210000e+01
318 3.1701000000e+00 3.7289901170e+01 5.2066940000e+01
319 3.1801000000e+00 3.6769231770e+01 7.0236760000e+01
320 3.1901000000e+00 3.6066864170e+01 -6.8728600000e+00
321 3.2001000000e+00 3.6135592770e+01 1.1608651000e+02
322 3.2101000000e+00 3.4974727670e+01 8.6990090000e+01
323 3.2201000000e+00 3.4104826770e+01 8.6505350000e+01
324 3.2301000000e+00 3.3239773270e+01 -1.6900150000e+01
325 3.2401000000e+00 3.3408774770e+01 2.7932870000e+01
326 3.2501000000e+00 3.3129446070e+01 6.9159850000e+01
327 3.2601000000e+00 3.2437847570e+01 8.5458740000e+01
328 3.2701000000e+00 3.1583260170e+01 -7.2443400000e+00
329 3.2801000000e+00 3.1655703570e+01 2.1013200000e+01
330 3.2901000000e+00 3.1445571570e+01 5.1943440000e+01
331 3.3001000000e+00 3.0926137170e+01 6.8357250000e+01
332 3.3101000000e+00 3.0242564670e+01 8.0906840000e+01
333 3.3201000000e+00 2.9433496270e+01 2.0955200000e+01
334 3.3301000000e+00 2.9223944270e+01 -2.6220600000e+00
335 3.3401000000e+00 2.9250164870e+01 8.0679380000e+01
336 3.3501000000e+00 2.8443371070e+01 7.8613800000e+01
337 3.3601000000e+00 2.7657233070e+01 -1.1861660000e+01
338 3.3701000000e+00 2.7775849670e+01 6.5950990000e+01
339 3.3801000000e+00 2.7116339770e+01 4.3145940000e+01
340 3.3901000000e+00 2.6684880370e+01 -3.7909040000e+01
341 3.4001000000e+00 2.7063970770e+01 4.2971080000e+01
342 3.4101000000e+00 2.6634259970e+01 4.7847780000e+01
343 3.4201000000e+00 2.6155782170e+01 7.1643640000e+01
344 3.4301000000e+00 2.5439345770e+01 3.4638560000e+01
345 3.4401000000e+00 2.5092960170e+01 -3.6543800000e+00
346 3.4501000000e+00 2.5129503970e+01 7.1208820000e+01
347 3.4601000000e+00 2.4417415770e+01 -1.1694860000e+01
348 3.4701000000e+00 2.4534364370e+01 4.5506680000e+01
349 3.4801000000e+00 2.4079297570e+01 3.6066270000e+01
350 3.4901000000e+00 2.3718634870e+01 3.9641360000e+01
351 3.5001000000e+00 2.3322221270e+01 2.8776630000e+01
352 3.5101000000e+00 2.3034454970e+01 2.7716380000e+01
353 3.5201000000e+00 2.2757291170e+01 3.9676590000e+01
354 3.5301000000e+00 2.2360525270e+01 -1.4927250000e+01
355 3.5401000000e+00 2.2509797770e+01 5.1482540000e+01
356 3.5501000000e+00 2.1994972370e+01 4.1022220000e+01
357 3.5601000000e+00 2.1584750170e+01 7.4088500000e+00
358 3.5701000000e+00 2.1510661670e+01 -3.3766900000e+00
359 3.5801000000e+00 2.1544428570e+01 4.8096030000e+01
360 3.5901000000e+00 2.1063468270e+01 1.1018980000e+01
361 3.6001000000e+00 2.0953278470e+01 4.5379630000e+01
362 3.6101000000e+00 2.0499482170e+01 4.1263110000e+01
363 3.6201000000e+00 2.0086851070e+01 -3.2996600000e+00
364 3.6301000000e+00 2.0119847670e+01 4.8312620000e+01
365 3.6401000000e+00 1.9636721470e+01 2.5431600000e+01
366 3.6501000000e+00 1.9382405470e+01 3.0404700000e+00
367 3.6601000000e+00 1.9352000770e+01 5.2858700000e+00
368 3.6701000000e+00 1.9299142070e+01 3.9957730000e+01
369 3.6801000000e+00 1.8899564770e+01 1.5148440000e+01
370 3.6901000000e+00 1.8748080370e+01 3.2706070000e+01
371 3.7001000000e+00 1.8421019670e+01 9.4899800000e+00
372 3.7101000000e+00 1.8326119870e+01 4.9930980000e+01
373 3.7201000000e+00 1.7826810070e+01 -5.2442300000e+00
374 3.7301000000e+00 1.7879252370e+01 3.7076710000e+01
375 3.7401000000e+00 1.7508485270e+01 1.9880830000e+01
376 3.7501000000e+00 1.7309676970e+01 2.0756620000e+01
377 3.7601000000e+00 1.7102110770e+01 1.5868340000e+01
378 3.7701000000e+00 1.6943427370e+01 2.9746610000e+01
379 3.7801000000e+00 1.6645961270e+01 7.2821600000e+00
380 3.7901000000e+00 1.6573139670e+01 1.8036850000e+01
381 3.8001000000e+00 1.6392771170e+01 3.2212490000e+01
382 3.8101000000e+00 1.6070646270e+01 4.7137505000e+01
383 3.8201000000e+00 1.5599271220e+01 1.6367105000e+01
384 3.8301000000e+00 1.5435600170e+01 4.3067120000e+01
385 3.8401000000e+00 1.5004928970e+01 5.7954200000e+00
386 3.8501000000e+00 1.4946974770e+01 1.1764215000e+01
387 3.8601000000e+00 1.4829332620e+01 2.3317295000e+01
388 3.8701000000e+00 1.4596159670e+01 5.3118410000e+01
389 3.8801000000e+00 1.4064975570e+01 8.9634000000e+00
390 3.8901000000e+00 1.3975341570e+01 2.7290305000e+01
391 3.9001000000e+00 1.3702438520e+01 2.3843765000e+01
392 3.9101000000e+00 1.3464000870e+01 5.2691600000e+00
393 3.9201000000e+00 1.3411309270e+01 1.9081175000e+01
394 3.9301000000e+00 1.3220497520e+01 5.2240200000e+00
395 3.9401000000e+00 1.3168257320e+01 1.2620870000e+01
396 3.9501000000e+00 1.3042048620e+01 3.1861075000e+01
397 3.9601000000e+00 1.2723437870e+01 2.8767315000e+01
398 3.9701000000e+00 1.2435764720e+01 1.5868335000e+01
399 3.9801000000e+00 1.2277081370e+01 4.1951955000e+01
400 3.9901000000e+00 1.1857561820e+01 8.2147750000e+00
401 4.0001000000e+00 1.1775414070e+01 2.8004755000e+01
402 4.0101000000e+00 1.1495366520e+01 4.1652125000e+01
403 4.0201000000e+00 1.1078845270e+01 1.5574030000e+01
404 4.0301000000e+00 1.0923104970e+01 2.1172800000e+01
405 4.0401000000e+00 1.0711376970e+01 1.5944595000e+01
406 4.0501000000e+00 1.0551931020e+01 3.2601705000e+01
407 4.0601000000e+00 1.0225913970e+01 8.6809650000e+00
408 4.0701000000e+00 1.0139104320e+01 8.1093050000e+00
409 4.0801000000e+00 1.0058011270e+01 3.0094700000e+00
410 4.0901000000e+00 1.0027916570e+01 2.5775055000e+01
411 4.1001000000e+00 9.7701660200e+00 1.5191165000e+01
412 4.1101000000e+00 9.6182543700e+00 2.2938755000e+01
413 4.1201000000e+00 9.3888668200e+00 2.4745315000e+01
414 4.1301000000e+00 9.1414136700e+00 1.1324370000e+01
415 4.1401000000e+00 9.0281699700e+00 2.5777710000e+01
416 4.1501000000e+00 8.7703928700e+00 1.1641995000e+01
417 4.1601000000e+00 8.6539729200e+00 7.8163150000e+00
418 4.1701000000e+00 8.5758097700e+00 8.5388590000e+00
419 4.1801000000e+00 8.4904211800e+00 1.5699867000e+01
420 4.1901000000e+00 8.3334225100e+00 1.4261084000e+01
421 4.2001000000e+00 8.1908116700e+00 1.3070060000e+01
422 4.2101000000e+00 8.0601110700e+00 1.0516756000e+01
423 4.2201000000e+00 7.9549435100e+00 1.2912402000e+01
424 4.2301000000e+00 7.8258194900e+00 5.7909770000e+00
425 4.2401000000e+00 7.7679097200e+00 1.1013162000e+01
426 4.2501000000e+00 7.6577781000e+00 1.8753030000e+00
427 4.2601000000e+00 7.6390250700e+00 8.1602730000e+00
428 4.2701000000e+00 7.5574223400e+00 1.1631479000e+01
429 4.2801000000e+00 7.4411075500e+00 6.6748140000e+00
430 4.2901000000e+00 7.3743594100e+00 5.7429590000e+00
431 4.3001000000e+00 7.3169298200e+00 9.5219650000e+00
432 4.3101000000e+00 7.2217101700e+00 5.6719600000e+00
433 4.3201000000e+00 7.1649905700e+00 6.9925940000e+00
434 4.3301000000e+00 7.0950646300e+00 8.4641820000e+00
435 4.3401000000e+00 7.0104228100e+00 6.4423640000e+00
436 4.3501000000e+00 6.9459991700e+00 1.0703064000e+01
437 4.3601000000e+00 6.8389685300e+00 4.3504800000e+00
438 4.3701000000e+00 6.7954637300e+00 1.1275998000e+01
439 4.3801000000e+00 6.6827037500e+00 4.4516530000e+00
440 4.3901000000e+00 6.6381872200e+00 6.0805200000e+00
441 4.4001000000e+00 6.5773820200e+00 1.5318740000e+01
442 4.4101000000e+00 6.4241946200e+00 7.7446000000e-02
443 4.4201000000e+00 6.4234201600e+00 7.6665230000e+00
444 4.4301000000e+00 6.3467549300e+00 8.1518430000e+00
445 4.4401000000e+00 6.2652365000e+00 7.5987300000e+00
446 4.4501000000e+00 6.1892492000e+00 9.6257990000e+00
447 4.4601000000e+00 6.0929912100e+00 7.6639010000e+00
448 4.4701000000e+00 6.0163522000e+00 6.5155630000e+00
449 4.4801000000e+00 5.9511965700e+00 5.5078370000e+00
450 4.4901000000e+00 5.8961182000e+00 1.0358812000e+01
451 4.5001000000e+00 5.7925300800e+00 1.5957210000e+00
452 4.5101000000e+00 5.7765728700e+00 1.1328627000e+01
453 4.5201000000e+00 5.6632866000e+00 4.4080700000e+00
454 4.5301000000e+00 5.6192059000e+00 7.4485810000e+00
455 4.5401000000e+00 5.5447200900e+00 6.0493560000e+00
456 4.5501000000e+00 5.4842265300e+00 9.4583620000e+00
457 4.5601000000e+00 5.3896429100e+00 2.0758250000e+00
458 4.5701000000e+00 5.3688846600e+00 4.8569480000e+00
459 4.5801000000e+00 5.3203151800e+00 4.3833400000e-01
460 4.5901000000e+00 5.3159318400e+00 8.1740720000e+00
461 4.6001000000e+00 5.2341911200e+00 7.5730800000e+00
462 4.6101000000e+00 5.1584603200e+00 6.2903430000e+00
463 4.6201000000e+00 5.0955568900e+00 4.5699430000e+00
464 4.6301000000e+00 5.0498574600e+00 5.3382650000e+00
465 4.6401000000e+00 4.9964748100e+00 5.0137730000e+00
466 4.6501000000e+00 4.9463370800e+00 2.5834380000e+00
467 4.6601000000e+00 4.9205027000e+00 7.0353000000e+00
468 4.6701000000e+00 4.8501497000e+00 5.9461260000e+00
469 4.6801000000e+00 4.7906884400e+00 4.1767720000e+00
470 4.6901000000e+00 4.7489207200e+00 3.1687300000e+00
471 4.7001000000e+00 4.7172334200e+00 7.2874040000e+00
472 4.7101000000e+00 4.6443593800e+00 2.6988740000e+00
473 4.7201000000e+00 4.6173706400e+00 6.4565040000e+00
474 4.7301000000e+00 4.5528056000e+00 4.3074210000e+00
475 4.7401000000e+00 4.5097313900e+00 7.8116680000e+00
476 4.7501000000e+00 4.4316147100e+00 2.0457130000e+00
477 4.7601000000e+00 4.4111575800e+00 5.7836640000e+00
478 4.7701000000e+00 4.3533209400e+00 4.4275220000e+00
479 4.7801000000e+00 4.3090457200e+00 5.6954530000e+00
480 4.7901000000e+00 4.2520911900e+00 3.7733800000e+00
481 4.8001000000e+00 4.2143573900e+00 2.7853080000e+00
482 4.8101000000e+00 4.1865043100e+00 5.7045470000e+00
483 4.8201000000e+00 4.1294588400e+00 5.4532410000e+00
484 4.8301000000e+00 4.0749264300e+00 2.9271650000e+00
485 4.8401000000e+00 4.0456547800e+00 6.1517240000e+00
486 4.8501000000e+00 3.9841375400e+00 2.0241280000e+00
487 4.8601000000e+00 3.9638962600e+00 7.5300100000e+00
488 4.8701000000e+00 3.8885961600e+00 4.0643280000e+00
489 4.8801000000e+00 3.8479528800e+00 2.0852320000e+00
490 4.8901000000e+00 3.8271005600e+00 5.5442050000e+00
491 4.9001000000e+00 3.7716585100e+00 3.1955750000e+00
492 4.9101000000e+00 3.7397027600e+00 5.6950500000e+00
493 4.9201000000e+00 3.6827522600e+00 2.9223990000e+00
494 4.9301000000e+00 3.6535282700e+00 4.8322390000e+00
495 4.9401000000e+00 3.6052058800e+00 3.2221400000e+00
496 4.9501000000e+00 3.5729844800e+00 4.9206540000e+00
497 4.9601000000e+00 3.5237779400e+00 2.2944010000e+00
498 4.9701000000e+00 3.5008339300e+00 4.0771500000e+00
499 4.9801000000e+00 3.4600624300e+00 3.6171330000e+00
500 4.9901000000e+00 3.4238911000e+00 -0.0000000000e+00
501 5.0001000000e+00 3.4238911000e+00 1.6328170000e+00
502 5.0101000000e+00 3.4075629300e+00 4.1623060000e+00
503 5.0201000000e+00 3.3659398700e+00 2.4287730000e+00
504 5.0301000000e+00 3.3416521400e+00 7.7726890000e+00
505 5.0401000000e+00 3.2639252500e+00 2.2813280000e+00
506 5.0501000000e+00 3.2411119700e+00 5.5227780000e+00
507 5.0601000000e+00 3.1858841900e+00 3.2472160000e+00
508 5.0701000000e+00 3.1534120300e+00 3.8151740000e+00
509 5.0801000000e+00 3.1152602900e+00 4.0960350000e+00
510 5.0901000000e+00 3.0742999400e+00 3.5435890000e+00
511 5.1001000000e+00 3.0388640500e+00 2.9939000000e+00
512 5.1101000000e+00 3.0089250500e+00 3.0572770000e+00
513 5.1201000000e+00 2.9783522800e+00 3.1923890000e+00
514 5.1301000000e+00 2.9464283900e+00 3.7469170000e+00
515 5.1401000000e+00 2.9089592200e+00 3.5593630000e+00
516 5.1501000000e+00 2.8733655900e+00 1.5081250000e+00
517 5.1601000000e+00 2.8582843400e+00 3.8001610000e+00
518 5.1701000000e+00 2.8202827300e+00 3.9680220000e+00
519 5.1801000000e+00 2.7806025100e+00 4.2419310000e+00
520 5.1901000000e+00 2.7381832000e+00 1.8373530000e+00
521 5.2001000000e+00 2.7198096700e+00 3.5805120000e+00
522 5.2101000000e+00 2.6840045500e+00 2.3344290000e+00
523 5.2201000000e+00 2.6606602600e+00 3.3898590000e+00
524 5.2301000000e+00 2.6267616700e+00 8.9308100000e-01
525 5.2401000000e+00 2.6178308600e+00 3.1905260000e+00
526 5.2501000000e+00 2.5859256000e+00 4.1558500000e+00
527 5.2601000000e+00 2.5443671000e+00 2.5392540000e+00
528 5.2701000000e+00 2.5189745600e+00 2.9759760000e+00
529 5.2801000000e+00 2.4892148000e+00 2.6507010000e+00
530 5.2901000000e+00 2.4627077900e+00 4.6481680000e+00
531 5.3001000000e+00 2.4162261100e+00 1.2612380000e+00
532 5.3101000000e+00 2.4036137300e+00 2.4099420000e+00
533 5.3201000000e+00 2.3795143100e+00 4.5231810000e+00
534 5.3301000000e+00 2.3342825000e+00 1.8494960000e+00
535 5.3401000000e+00 2.3157875400e+00 3.4619800000e+00
536 5.3501000000e+00 2.2811677400e+00 3.3392510000e+00
537 5.3601000000e+00 2.2477752300e+00 3.8355990000e+00
538 5.3701000000e+00 2.2094192400e+00 2.3498470000e+00
539 5.3801000000e+00 2.1859207700e+00 1.7010930000e+00
540 5.3901000000e+00 2.1689098400e+00 4.7190790000e+00
541 5.4001000000e+00 2.1217190500e+00 1.0016550000e+00
542 5.4101000000e+00 2.1117025000e+00 3.0740510000e+00
543 5.4201000000e+00 2.0809619900e+00 3.5104300000e+00
544 5.4301000000e+00 2.0458576900e+00 1.3829270000e+00
545 5.4401000000e+00 2.0320284200e+00 3.0115290000e+00
546 5.4501000000e+00 2.0019131300e+00 3.3665140000e+00
547 5.4601000000e+00 1.9682479900e+00 2.6448090000e+00
548 5.4701000000e+00 1.9417999000e+00 2.4446150000e+00
549 5.4801000000e+00 1.9173537500e+00 3.5522870000e+00
550 5.4901000000e+00 1.8818308800e+00 1.9462810000e+00
551 5.5001000000e+00 1.8623680700e+00 2.4026880000e+00
552 5.5101000000e+00 1.8383411900e+00 3.9578170000e+00
553 5.5201000000e+00 1.7987630200e+00 2.1527620000e+00
554 5.5301000000e+00 1.7772354000e+00 2.9318150000e+00
555 5.5401000000e+00 1.7479172500e+00 2.9651900000e+00
556 5.5501000000e+00 1.7182653500e+00 3.0115820000e+00
557 5.5601000000e+00 1.6881495300e+00 2.0512090000e+00
558 5.5701000000e+00 1.6676374400e+00 1.0225870000e+00
559 5.5801000000e+00 1.6574115700e+00 4.0460220000e+00
560 5.5901000000e+00 1.6169513500e+00 1.1575180000e+00
561 5.6001000000e+00 1.6053761700e+00 3.4556880000e+00
562 5.6101000000e+00 1.5708192900e+00 2.5985450000e+00
563 5.6201000000e+00 1.5448338400e+00 2.3988080000e+00
564 5.6301000000e+00 1.5208457600e+00 2.7012780000e+00
565 5.6401000000e+00 1.4938329800e+00 2.8171940000e+00
566 5.6501000000e+00 1.4656610400e+00 2.0848670000e+00
567 5.6601000000e+00 1.4448123700e+00 2.8043460000e+00
568 5.6701000000e+00 1.4167689100e+00 2.2656050000e+00
569 5.6801000000e+00 1.3941128600e+00 3.1653410000e+00
570 5.6901000000e+00 1.3624594500e+00 1.6873840000e+00
571 5.7001000000e+00 1.3455856100e+00 2.9508150000e+00
572 5.7101000000e+00 1.3160774600e+00 2.8041540000e+00
573 5.7201000000e+00 1.2880359200e+00 1.8370400000e+00
574 5.7301000000e+00 1.2696655200e+00 1.8454050000e+00
575 5.7401000000e+00 1.2512114700e+00 2.7714800000e+00
576 5.7501000000e+00 1.2234966700e+00 3.4994200000e+00
577 5.7601000000e+00 1.1885024700e+00 1.7513660000e+00
578 5.7701000000e+00 1.1709888100e+00 2.3753370000e+00
579 5.7801000000e+00 1.1472354400e+00 2.2091267000e+00
580 5.7901000000e+00 1.1251441730e+00 2.1035038000e+00
581 5.8001000000e+00 1.1041091350e+00 2.8799205000e+00
582 5.8101000000e+00 1.0753099300e+00 1.4775278000e+00
583 5.8201000000e+00 1.0605346520e+00 2.0537387000e+00
584 5.8301000000e+00 1.0399972650e+00 3.0114941000e+00
585 5.8401000000e+00 1.0098823240e+00 1.3449119000e+00
586 5.8501000000e+00 9.9643320500e-01 2.0424282000e+00
587 5.8601000000e+00 9.7600892300e-01 2.7845161000e+00
588 5.8701000000e+00 9.4816376200e-01 3.3022091000e+00
589 5.8801000000e+00 9.1514167100e-01 1.5418638000e+00
590 5.8901000000e+00 8.9972303300e-01 1.8591255000e+00
591 5.9001000000e+00 8.8113177800e-01 2.1886425000e+00
592 5.9101000000e+00 8.5924535300e-01 2.5625292000e+00
593 5.9201000000e+00 8.3362006100e-01 2.5331407000e+00
594 5.9301000000e+00 8.0828865400e-01 1.5720072000e+00
595 5.9401000000e+00 7.9256858200e-01 2.3902944000e+00
596 5.9501000000e+00 7.6866563800e-01 2.1906822000e+00
597 5.9601000000e+00 7.4675881600e-01 1.1816625000e+00
598 5.9701000000e+00 7.3494219100e-01 2.4676141000e+00
599 5.9801000000e+00 7.1026605000e-01 1.9042625000e+00
600 5.9901000000e+00 6.9122342500e-01 2.4948939000e+00
601 6.0001000000e+00 6.6627448600e-01 2.8122350000e+00
602 6.0101000000e+00 6.3815213600e-01 2.2708016000e+00
603 6.0201000000e+00 6.1544412000e-01 1.7649129000e+00
604 6.0301000000e+00 5.9779499100e-01 2.1399027000e+00
605 6.0401000000e+00 5.7639596400e-01 1.1898973000e+00
606 6.0501000000e+00 5.6449699100e-01 2.3160519000e+00
607 6.0601000000e+00 5.4133647200e-01 2.6182960000e+00
608 6.0701000000e+00 5.1515351200e-01 8.2515650000e-01
609 6.0801000000e+00 5.0690194700e-01 2.2788707000e+00
610 6.0901000000e+00 4.8411324000e-01 2.2333834000e+00
611 6.1001000000e+00 4.6177940600e-01 2.1047427000e+00
612 6.1101000000e+00 4.4073197900e-01 2.4326040000e+00
613 6.1201000000e+00 4.1640593900e-01 1.2156394000e+00
614 6.1301000000e+00 4.0424954500e-01 1.2054900000e+00
615 6.1401000000e+00 3.9219464500e-01 2.4630861000e+00
616 6.1501000000e+00 3.6756378400e-01 1.8231763000e+00
617 6.1601000000e+00 3.4933202100e-01 1.8730385000e+00
618 6.1701000000e+00 3.3060163600e-01 2.3575554000e+00
619 6.1801000000e+00 3.0702608200e-01 1.3848173000e+00
620 6.1901000000e+00 2.9317790900e-01 2.8362435000e+00
621 6.2001000000e+00 2.6481547400e-01 6.4958420000e-01
622 6.2101000000e+00 2.5831963200e-01 2.5678233000e+00
623 6.2201000000e+00 2.3264139900e-01 1.6889401400e+00
624 6.2301000000e+00 2.1575199760e-01 1.1871624600e+00
625 6.2401000000e+00 2.0388037300e-01 2.3304836600e+00
626 6.2501000000e+00 1.8057553640e-01 1.4081232500e+00
627 6.2601000000e+00 1.6649430390e-01 2.1137449000e+00
628 6.2701000000e+00 1.4535685490e-01 1.8886544380e+00
629 6.2801000000e+00 1.2647031052e-01 1.9606238810e+00
630 6.2901000000e+00 1.0686407171e-01 1.4987379410e+00
631 6.3001000000e+00 9.1876692300e-02 1.4296745200e+00
632 6.3101000000e+00 7.7579947100e-02 1.1303703900e+00
633 6.3201000000e+00 6.6276243200e-02 1.8402545800e+00
634 6.3301000000e+00 4.7873697400e-02 2.6440962200e+00
635 6.3401000000e+00 2.1432735200e-02 5.2551208000e-01
636 6.3501000000e+00 1.6177614400e-02 4.5232388000e-01
637 6.3601000000e+00 1.1654375600e-02 2.4246473660e+00
638 6.3701000000e+00 -1.2592098060e-02 2.5405195290e+00
639 6.3801000000e+00 -3.7997293350e-02 1.6228196190e+00
640 6.3901000000e+00 -5.4225489540e-02 9.4674594600e-01
641 6.4001000000e+00 -6.3692949000e-02 2.0944256130e+00
642 6.4101000000e+00 -8.4637205130e-02 1.5275467270e+00
643 6.4201000000e+00 -9.9912672400e-02 2.3503784400e+00
644 6.4301000000e+00 -1.2341645680e-01 6.4119252000e-01
645 6.4401000000e+00 -1.2982838200e-01 1.2892813700e+00
646 6.4501000000e+00 -1.4272119570e-01 1.9168283300e+00
647 6.4601000000e+00 -1.6188947900e-01 1.3288965800e+00
648 6.4701000000e+00 -1.7517844480e-01 1.3046924600e+00
649 6.4801000000e+00 -1.8822536940e-01 1.2700389600e+00
650 6.4901000000e+00 -2.0092575900e-01 1.6037064000e+00
651 6.5001000000e+00 -2.1696282300e-01 2.0090499000e+00
652 6.5101000000e+00 -2.3705332200e-01 1.5606634000e+00
653 6.5201000000e+00 -2.5265995600e-01 1.0921148000e+00
654 6.5301000000e+00 -2.6358110400e-01 1.4661272000e+00
655 6.5401000000e+00 -2.7824237600e-01 1.9753534000e+00
656 6.5501000000e+00 -2.9799591000e-01 4.3896580000e-01
657 6.5601000000e+00 -3.0238556800e-01 2.2480105000e+00
658 6.5701000000e+00 -3.2486567300e-01 1.0929563000e+00
659 6.5801000000e+00 -3.3579523600e-01 1.1068369000e+00
660 6.5901000000e+00 -3.4686360500e-01 1.8443292000e+00
661 6.6001000000e+00 -3.6530689700e-01 1.3225319000e+00
662 6.6101000000e+00 -3.7853221600e-01 1.7723516000e+00
663 6.6201000000e+00 -3.9625573200e-01 5.9219350000e-01
664 6.6301000000e+00 -4.0217766700e-01 1.8543718000e+00
665 6.6401000000e+00 -4.2072138500e-01 6.0133100000e-01
666 6.6501000000e+00 -4.2673469500e-01 1.8886768000e+00
667 6.6601000000e+00 -4.4562146300e-01 1.4707869000e+00
668 6.6701000000e+00 -4.6032933200e-01 1.0402690000e+00
669 6.6801000000e+00 -4.7073202200e-01 7.2881360000e-01
670 6.6901000000e+00 -4.7802015800e-01 1.6460614000e+00
671 6.7001000000e+00 -4.9448077200e-01 1.7534474000e+00
672 6.7101000000e+00 -5.1201524600e-01 9.9112510000e-01
673 6.7201000000e+00 -5.2192649700e-01 1.8279304000e+00
674 6.7301000000e+00 -5.4020580100e-01 9.9236030000e-01
675 6.7401000000e+00 -5.5012940400e-01 -9.2615300000e-02
676 6.7501000000e+00 -5.4920325100e-01 2.0815783000e+00
677 6.7601000000e+00 -5.7001903400e-01 1.1090345000e+00
678 6.7701000000e+00 -5.8110937900e-01 1.6076096000e+00
679 6.7801000000e+00 -5.9718547500e-01 9.2617100000e-01
680 6.7901000000e+00 -6.0644718500e-01 1.1099969000e+00
681 6.8001000000e+00 -6.1754715400e-01 1.4434103000e+00
682 6.8101000000e+00 -6.3198125700e-01 6.5272180000e-01
683 6.8201000000e+00 -6.3850847500e-01 1.1340272000e+00
684 6.8301000000e+00 -6.4984874700e-01 3.4502080000e-01
685 6.8401000000e+00 -6.5329895500e-01 1.8157020000e+00
686 6.8501000000e+00 -6.7145597500e-01 1.5655106000e+00
687 6.8601000000e+00 -6.8711108100e-01 5.8114290000e-01
688 6.8701000000e+00 -6.9292251000e-01 1.1840782000e+00
689 6.8801000000e+00 -7.0476329200e-01 1.1903165000e+00
690 6.8901000000e+00 -7.1666645700e-01 9.0813930000e-01
691 6.9001000000e+00 -7.2574785000e-01 9.8476700000e-01
692 6.9101000000e+00 -7.3559552000e-01 1.9686578000e+00
693 6.9201000000e+00 -7.5528209800e-01 5.3972540000e-01
694 6.9301000000e+00 -7.6067935200e-01 5.1140570000e-01
695 6.9401000000e+00 -7.6579340900e-01 1.0231818000e+00
696 6.9501000000e+00 -7.7602522700e-01 6.2835640000e-01
697 6.9601000000e+00 -7.8230879100e-01 2.1761837000e+00
698 6.9701000000e+00 -8.0407062800e-01 1.6332550000e-01
699 6.9801000000e+00 -8.0570388300e-01 1.6104884000e+00
700 6.9901000000e+00 -8.2180876700e-01 9.5345110000e-01
701 7.0001000000e+00 -8.3134327800e-01 -6.5838900000e-02
702 7.0101000000e+00 -8.3068488900e-01 1.8471297000e+00
703 7.0201000000e+00 -8.4915618600e-01 5.2880230000e-01
704 7.0301000000e+00 -8.5444420900e-01 1.0406411000e+00
705 7.0401000000e+00 -8.6485062000e-01 9.2808480000e-01
706 7.0501000000e+00 -8.7413146800e-01 1.3857618000e+00
707 7.0601000000e+00 -8.8798908600e-01 8.3952230000e-01
708 7.0701000000e+00 -8.9638430900e-01 -2.3904250000e-01
709 7.0801000000e+00 -8.9399388400e-01 1.4605016000e+00
710 7.0901000000e+00 -9.0859890000e-01 1.4865056000e+00
711 7.1001000000e+00 -9.2346395600e-01 4.0431220000e-01
712 7.1101000000e+00 -9.2750707800e-01 6.1351410000e-01
713 7.1201000000e+00 -9.3364221900e-01 8.4318250000e-01
714 7.1301000000e+00 -9.4207404400e-01 1.2838858000e+00
715 7.1401000000e+00 -9.5491290200e-01 8.4342790000e-01
716 7.1501000000e+00 -9.6334718100e-01 -2.0866940000e-01
717 7.1601000000e+00 -9.6126048700e-01 1.1906123000e+00
718 7.1701000000e+00 -9.7316661000e-01 4.1798550000e-01
719 7.1801000000e+00 -9.7734646500e-01 1.4823185000e+00
720 7.1901000000e+00 -9.9216965000e-01 1.6034830000e+00
721 7.2001000000e+00 -1.0082044800e+00 -4.6971040000e-01
722 7.2101000000e+00 -1.0035073760e+00 7.9600190000e-01
723 7.2201000000e+00 -1.0114673950e+00 3.2198000000e-01
724 7.2301000000e+00 -1.0146871950e+00 1.4873881000e+00
725 7.2401000000e+00 -1.0295610760e+00 3.5965290000e-01
726 7.2501000000e+00 -1.0331576050e+00 3.8534450000e-01
727 7.2601000000e+00 -1.0370110500e+00 9.4565750000e-01
728 7.2701000000e+00 -1.0464676250e+00 2.7266250000e-01
729 7.2801000000e+00 -1.0491942500e+00 5.3068340000e-01
730 7.2901000000e+00 -1.0545010840e+00 7.0866020000e-01
731 7.3001000000e+00 -1.0615876860e+00 4.4821090000e-01
732 7.3101000000e+00 -1.0660697950e+00 1.4515691000e+00
733 7.3201000000e+00 -1.0805854860e+00 2.2485100000e-01
734 7.3301000000e+00 -1.0828339960e+00 1.3747434000e+00
735 7.3401000000e+00 -1.0965814300e+00 2.0607200000e-01
736 7.3501000000e+00 -1.0986421500e+00 -4.0321000000e-02
737 7.3601000000e+00 -1.0982389400e+00 1.2391046000e+00
738 7.3701000000e+00 -1.1106299860e+00 -1.4907760000e-01
739 7.3801000000e+00 -1.1091392100e+00 9.8764400000e-01
740 7.3901000000e+00 -1.1190156500e+00 1.0386500000e-01
741 7.4001000000e+00 -1.1200543000e+00 1.2993850000e+00
742 7.4101000000e+00 -1.1330481500e+00 3.2003200000e-01
743 7.4201000000e+00 -1.1362484700e+00 4.9702400000e-01
744 7.4301000000e+00 -1.1412187100e+00 4.2294000000e-01
745 7.4401000000e+00 -1.1454481100e+00 -2.2284700000e-01
746 7.4501000000e+00 -1.1432196400e+00 9.9133100000e-01
747 7.4601000000e+00 -1.1531329500e+00 7.2678200000e-01
748 7.4701000000e+00 -1.1604007700e+00 1.3688200000e-01
749 7.4801000000e+00 -1.1617695900e+00 4.1604100000e-01
750 7.4901000000e+00 -1.1659300000e+00 2.5147000000e-01
751 7.5001000000e+00 -1.1684447000e+00 8.0725000000e-02
752 7.5101000000e+00 -1.1692519500e+00 9.4366500000e-01
753 7.5201000000e+00 -1.1786886000e+00 4.7548300000e-01
754 7.5301000000e+00 -1.1834434300e+00 4.6019200000e-01
755 7.5401000000e+00 -1.1880453500e+00 3.1406200000e-01
756 7.5501000000e+00 -1.1911859700e+00 2.9410300000e-01
757 7.5601000000e+00 -1.1941270000e+00 1.7103100000e-01
758 7.5701000000e+00 -1.1958373100e+00 1.5569540000e+00
759 7.5801000000e+00 -1.2114068500e+00 -7.2811700000e-01
760 7.5901000000e+00 -1.2041256800e+00 -9.2303000000e-01
761 7.6001000000e+00 -1.1948953800e+00 1.8128830000e+00
762 7.6101000000e+00 -1.2130242100e+00 7.1175800000e-01
763 7.6201000000e+00 -1.2201417900e+00 -4.1998600000e-01
764 7.6301000000e+00 -1.2159419300e+00 -3.9924300000e-01
765 7.6401000000e+00 -1.2119495000e+00 7.2814500000e-01
766 7.6501000000e+00 -1.2192309500e+00 -2.9465000000e-02
767 7.6601000000e+00 -1.2189363000e+00 6.9500000004e-04
768 7.6701000000e+00 -1.2189432500e+00 1.0292110000e+00
769 7.6801000000e+00 -1.2292353600e+00 1.5312400000e-01
770 7.6901000000e+00 -1.2307666000e+00 3.3164900000e-01
771 7.7001000000e+00 -1.2340830900e+00 -1.9828000000e-01
772 7.7101000000e+00 -1.2321002900e+00 3.2541200000e-01
773 7.7201000000e+00 -1.2353544100e+00 3.1399500000e-01
774 7.7301000000e+00 -1.2384943600e+00 -1.6582600000e-01
775 7.7401000000e+00 -1.2368361000e+00 2.3016800000e-01
776 7.7501000000e+00 -1.2391377800e+00 7.0793900000e-01
777 7.7601000000e+00 -1.2462171700e+00 -1.1023400000e-01
778 7.7701000000e+00 -1.2451148300e+00 -1.1295470000e+00
779 7.7801000000e+00 -1.2338193600e+00 1.7555300000e-01
780 7.7901000000e+00 -1.2355748900e+00 9.9935000000e-01
781 7.8001000000e+00 -1.2455683900e+00 -1.0178540000e+00
782 7.8101000000e+00 -1.2353898500e+00 8.7888100000e-01
783 7.8201000000e+00 -1.2441786600e+00 -3.9134300000e-01
784 7.8301000000e+00 -1.2402652300e+00 -5.4020800000e-01
785 7.8401000000e+00 -1.2348631500e+00 -4.0350700000e-01
786 7.8501000000e+00 -1.2308280800e+00 1.2505600000e+00
787 7.8601000000e+00 -1.2433336800e+00 -1.8341200000e-01
788 7.8701000000e+00 -1.2414995600e+00 -7.9034300000e-01
789 7.8801000000e+00 -1.2335961300e+00 6.6310200000e-01
790 7.8901000000e+00 -1.2402271500e+00 -3.4494900000e-01
791 7.9001000000e+00 -1.2367776600e+00 -1.9012000000e-01
792 7.9101000000e+00 -1.2348764600e+00 -2.1854100000e-01
793 7.9201000000e+00 -1.2326910500e+00 -1.5860100000e-01
794 7.9301000000e+00 -1.2311050400e+00 -1.4027100000e-01
795 7.9401000000e+00 -1.2297023300e+00 -5.0726900000e-01
796 7.9501000000e+00 -1.2246296400e+00 1.9431600000e-01
797 7.9601000000e+00 -1.2265728000e+00 4.9962500000e-01
798 7.9701000000e+00 -1.2315690500e+00 -1.6617000000e-02
799 7.9801000000e+00 -1.2314028800e+00 -1.3218940000e+00
800 7.9901000000e+00 -1.2181839400e+00 5.7359300000e-01
801 8.0001000000e+00 -1.2239198700e+00 -7.9034100000e-01
802 8.0101000000e+00 -1.2160164600e+00 7.3682600000e-01
803 8.0201000000e+00 -1.2233847200e+00 -1.0144280000e+00
804 8.0301000000e+00 -1.2132404400e+00 -3.7876700000e-01
805 8.0401000000e+00 -1.2094527700e+00 8.1811200000e-01
806 8.0501000000e+00 -1.2176338900e+00 -9.2892200000e-01
807 8.0601000000e+00 -1.2083446700e+00 -1.0505900000e-01
808 8.0701000000e+00 -1.2072940800e+00 -1.1497360000e+00
809 8.0801000000e+00 -1.1957967200e+00 9.9402000000e-01
810 8.0901000000e+00 -1.2057369200e+00 4.6168600000e-01
811 8.1001000000e+00 -1.2103537800e+00 -1.7064920000e+00
812 8.1101000000e+00 -1.1932888600e+00 -8.4435900000e-01
813 8.1201000000e+00 -1.1848452700e+00 1.6008600000e-01
814 8.1301000000e+00 -1.1864461300e+00 -3.3090100000e-01
815 8.1401000000e+00 -1.1831371200e+00 6.6672000000e-02
816 8.1501000000e+00 -1.1838038400e+00 3.9676100000e-01
817 8.1601000000e+00 -1.1877714500e+00 -1.3082050000e+00
818 8.1701000000e+00 -1.1746894000e+00 4.4838900000e-01
819 8.1801000000e+00 -1.1791732900e+00 -1.1113450000e+00
820 8.1901000000e+00 -1.1680598400e+00 -3.2852500000e-01
821 8.2001000000e+00 -1.1647745900e+00 -9.6496000000e-02
822 8.2101000000e+00 -1.1638096300e+00 -1.4542300000e-01
823 8.2201000000e+00 -1.1623554000e+00 7.4621000000e-01
824 8.2301000000e+00 -1.1698175000e+00 -1.1792660000e+00
825 8.2401000000e+00 -1.1580248400e+00 -4.8592200000e-01
826 8.2501000000e+00 -1.1531656200e+00 -1.2173970000e+00
827 8.2601000000e+00 -1.1409916500e+00 3.6203500000e-01
828 8.2701000000e+00 -1.1446120000e+00 -8.6411600000e-01
829 8.2801000000e+00 -1.1359708400e+00 3.7534000000e-02
830 8.2901000000e+00 -1.1363461800e+00 -6.6173000000e-01
831 8.3001000000e+00 -1.1297288800e+00 -9.5732000000e-02
832 8.3101000000e+00 -1.1287715600e+00 -1.3989130000e+00
833 8.3201000000e+00 -1.1147824300e+00 1.0839400000e-01
834 8.3301000000e+00 -1.1158663700e+00 2.1153500000e-01
835 8.3401000000e+00 -1.1179817200e+00 -9.9369800000e-01
836 8.3501000000e+00 -1.1080447400e+00 -1.6938900000e-01
837 8.3601000000e+00 -1.1063508500e+00 -4.7839000000e-02
838 8.3701000000e+00 -1.1058724600e+00 -5.4866500000e-01
839 8.3801000000e+00 -1.1003858100e+00 -9.6919900000e-01
840 8.3901000000e+00 -1.0906938200e+00 2.1612500000e-01
841 8.4001000000e+00 -1.0928550700e+00 2.5608100000e-01
842 8.4101000000e+00 -1.0954158800e+00 -1.3770760000e+00
843 8.4201000000e+00 -1.0816451200e+00 4.8766600000e-01
844 8.4301000000e+00 -1.0865217800e+00 -1.7727000000e-02
845 8.4401000000e+00 -1.0863445100e+00 -8.4347000000e-01
846 8.4501000000e+00 -1.0779098100e+00 -7.9589470000e-01
847 8.4601000000e+00 -1.0699508630e+00 -9.6225300000e-02
848 8.4701000000e+00 -1.0689886100e+00 -6.3156300000e-01
849 8.4801000000e+00 -1.0626729800e+00 -2.3088700000e-01
850 8.4901000000e+00 -1.0603641100e+00 -8.9014000000e-02
851 8.5001000000e+00 -1.0594739700e+00 -4.0455540000e-01
852 8.5101000000e+00 -1.0554284160e+00 -2.2477710000e-01
853 8.5201000000e+00 -1.0531806450e+00 -5.4593190000e-01
854 8.5301000000e+00 -1.0477213260e+00 -5.7146060000e-01
855 8.5401000000e+00 -1.0420067200e+00 -1.3589000000e-01
856 8.5501000000e+00 -1.0406478200e+00 -5.2315990000e-01
857 8.5601000000e+00 -1.0354162210e+00 7.9447000000e-03
858 8.5701000000e+00 -1.0354956680e+00 -7.8801080000e-01
859 8.5801000000e+00 -1.0276155600e+00 3.8217200000e-01
860 8.5901000000e+00 -1.0314372800e+00 -6.0032590000e-01
861 8.6001000000e+00 -1.0254340210e+00 2.2379340000e-01
862 8.6101000000e+00 -1.0276719550e+00 -7.2349700000e-01
863 8.6201000000e+00 -1.0204369850e+00 5.2420490000e-01
864 8.6301000000e+00 -1.0256790340e+00 -1.3470743000e+00
865 8.6401000000e+00 -1.0122082910e+00 -7.3010370000e-01
866 8.6501000000e+00 -1.0049072540e+00 -3.4515340000e-01
867 8.6601000000e+00 -1.0014557200e+00 -1.7644930000e-01
868 8.6701000000e+00 -9.9969122700e-01 -5.6282790000e-01
869 8.6801000000e+00 -9.9406294800e-01 8.1557970000e-01
870 8.6901000000e+00 -1.0022187450e+00 -6.1959290000e-01
871 8.7001000000e+00 -9.9602281600e-01 1.0453370000e-01
872 8.7101000000e+00 -9.9706815300e-01 -1.1056329000e+00
873 8.7201000000e+00 -9.8601182400e-01 -1.5187010000e-01
874 8.7301000000e+00 -9.8449312300e-01 3.4352920000e-01
875 8.7401000000e+00 -9.8792841500e-01 -6.9919190000e-01
876 8.7501000000e+00 -9.8093649600e-01 -2.6558530000e-01
877 8.7601000000e+00 -9.7828064300e-01 2.1414690000e-01
878 8.7701000000e+00 -9.8042211200e-01 5.1266800000e-02
879 8.7801000000e+00 -9.8093478000e-01 -1.1500145000e+00
880 8.7901000000e+00 -9.6943463500e-01 3.1654890000e-01
881 8.8001000000e+00 -9.7260012400e-01 -7.0079210000e-01
882 8.8101000000e+00 -9.6559220300e-01 4.2890750000e-01
883 8.8201000000e+00 -9.6988127800e-01 -1.0803117000e+00
884 8.8301000000e+00 -9.5907816100e-01 -2.8009980000e-01
885 8.8401000000e+00 -9.5627716300e-01 1.7268010000e-01
886 8.8501000000e+00 -9.5800396400e-01 -1.7017800000e-01
887 8.8601000000e+00 -9.5630218400e-01 -5.9754110000e-01
888 8.8701000000e+00 -9.5032677300e-01 -1.7666300000e-02
889 8.8801000000e+00 -9.5015011000e-01 -5.0748030000e-01
890 8.8901000000e+00 -9.4507530700e-01 -3.2524700000e-01
891 8.9001000000e+00 -9.4182283700e-01 5.1426020000e-01
892 8.9101000000e+00 -9.4696543900e-01 -4.8083630000e-01
893 8.9201000000e+00 -9.4215707600e-01 -7.3996740000e-01
894 8.9301000000e+00 -9.3475740200e-01 7.3590620000e-01
895 8.9401000000e+00 -9.4211646400e-01 -1.7842530000e-01
896 8.9501000000e+00 -9.4033221100e-01 -8.6500960000e-01
897 8.9601000000e+00 -9.3168211500e-01 7.4809760000e-01
898 8.9701000000e+00 -9.3916309100e-01 -1.2014790000e+00
899 8.9801000000e+00 -9.2714830100e-01 1.3631731000e+00
900 8.9901000000e+00 -9.4078003200e-01 -9.5325580000e-01
901 9.0001000000e+00 -9.3124747400e-01 -5.0751300000e-02
902 9.0101000000e+00 -9.3073996100e-01 -5.7428500000e-01
903 9.0201000000e+00 -9.2499711100e-01 3.3009660000e-01
904 9.0301000000e+00 -9.2829807700e-01 2.2946040000e-01
905 9.0401000000e+00 -9.3059268100e-01 -1.0976693000e+00
906 9.0501000000e+00 -9.1961598800e-01 7.4330050000e-01
907 9.0601000000e+00 -9.2704899300e-01 -3.7043090000e-01
908 9.0701000000e+00 -9.2334468400e-01 -6.7088030000e-01
909 9.0801000000e+00 -9.1663588100e-01 2.8872110000e-01
910 9.0901000000e+00 -9.1952309200e-01 -6.2478150000e-01
911 9.1001000000e+00 -9.1327527700e-01 4.2367960000e-01
912 9.1101000000e+00 -9.1751207300e-01 8.6927700000e-02
913 9.1201000000e+00 -9.1838135000e-01 -2.0122160000e-01
914 9.1301000000e+00 -9.1636913400e-01 -5.9883750000e-01
915 9.1401000000e+00 -9.1038075900e-01 -6.8713100000e-02
916 9.1501000000e+00 -9.0969362800e-01 -2.3994300000e-02
917 9.1601000000e+00 -9.0945368500e-01 -5.2554860000e-01
918 9.1701000000e+00 -9.0419819900e-01 7.0232180000e-01
919 9.1801000000e+00 -9.1122141700e-01 -4.0582700000e-01
920 9.1901000000e+00 -9.0716314700e-01 -8.2930270000e-01
921 9.2001000000e+00 -8.9887012000e-01 7.6227950000e-01
922 9.2101000000e+00 -9.0649291500e-01 -2.1229960000e-01
923 9.2201000000e+00 -9.0436991900e-01 5.2472000000e-02
924 9.2301000000e+00 -9.0489463900e-01 -6.1223900000e-02
925 9.2401000000e+00 -9.0428240000e-01 -6.1384690000e-01
926 9.2501000000e+00 -8.9814393100e-01 -5.3987570000e-01
927 9.2601000000e+00 -8.9274517400e-01 5.4864710000e-01
928 9.2701000000e+00 -8.9823164500e-01 -2.6455750000e-01
929 9.2801000000e+00 -8.9558607000e-01 3.4707180000e-01
930 9.2901000000e+00 -8.9905678800e-01 -7.6561590000e-01
931 9.3001000000e+00 -8.9140062900e-01 6.0266680000e-01
932 9.3101000000e+00 -8.9742729700e-01 -1.5460680000e-01
933 9.3201000000e+00 -8.9588122900e-01 -2.9840630000e-01
934 9.3301000000e+00 -8.9289716600e-01 1.8203170000e-01
935 9.3401000000e+00 -8.9471748300e-01 -3.6308750000e-01
936 9.3501000000e+00 -8.9108660800e-01 -1.1914996000e+00
937 9.3601000000e+00 -8.7917161200e-01 1.3105571000e+00
938 9.3701000000e+00 -8.9227718300e-01 -1.0083790000e-01
939 9.3801000000e+00 -8.9126880400e-01 -1.2645880000e-01
940 9.3901000000e+00 -8.9000421600e-01 -1.0955689000e+00
941 9.4001000000e+00 -8.7904852700e-01 3.3548720000e-01
942 9.4101000000e+00 -8.8240339900e-01 3.0699270000e-01
943 9.4201000000e+00 -8.8547332600e-01 -4.2080570000e-01
944 9.4301000000e+00 -8.8126526900e-01 8.6007810000e-01
945 9.4401000000e+00 -8.8986605000e-01 -7.9472650000e-01
946 9.4501000000e+00 -8.8191878500e-01 2.8936000000e-01
947 9.4601000000e+00 -8.8481238500e-01 -1.3798550000e-01
948 9.4701000000e+00 -8.8343253000e-01 -5.4176860000e-01
949 9.4801000000e+00 -8.7801484400e-01 -4.7599800000e-02
950 9.4901000000e+00 -8.7753884600e-01 1.5658600000e-02
951 9.5001000000e+00 -8.7769543200e-01 2.0321320000e-01
952 9.5101000000e+00 -8.7972756400e-01 -6.2426900000e-02
953 9.5201000000e+00 -8.7910329500e-01 9.0033200000e-02
954 9.5301000000e+00 -8.8000362700e-01 -5.2828470000e-01
955 9.5401000000e+00 -8.7472078000e-01 -1.1353690000e-01
956 9.5501000000e+00 -8.7358541100e-01 -1.8451100000e-02
957 9.5601000000e+00 -8.7340090000e-01 -4.0828300000e-01
958 9.5701000000e+00 -8.6931807000e-01 2.0733310000e-01
959 9.5801000000e+00 -8.7139140100e-01 -5.8522270000e-01
960 9.5901000000e+00 -8.6553917400e-01 -2.0117150000e-01
961 9.6001000000e+00 -8.6352745900e-01 8.5218500000e-02
962 9.6101000000e+00 -8.6437964400e-01 -1.3898390000e-01
963 9.6201000000e+00 -8.6298980500e-01 -4.3279340000e-01
964 9.6301000000e+00 -8.5866187100e-01 5.4323530000e-01
965 9.6401000000e+00 -8.6409422400e-01 -9.9871330000e-01
966 9.6501000000e+00 -8.5410709100e-01 3.7020930000e-01
967 9.6601000000e+00 -8.5780918400e-01 -5.5723520000e-01
968 9.6701000000e+00 -8.5223683200e-01 6.7425690000e-01
969 9.6801000000e+00 -8.5897940100e-01 2.2687030000e-01
970 9.6901000000e+00 -8.6124810400e-01 -1.2817786000e+00
971 9.7001000000e+00 -8.4843031800e-01 2.6059630000e-01
972 9.7101000000e+00 -8.5103628100e-01 4.1026470000e-01
973 9.7201000000e+00 -8.5513892800e-01 -7.6414820000e-01
974 9.7301000000e+00 -8.4749744600e-01 4.4354150000e-01
975 9.7401000000e+00 -8.5193286100e-01 -1.6185690000e+00
976 9.7501000000e+00 -8.3574717100e-01 1.0311754000e+00
977 9.7601000000e+00 -8.4605892500e-01 -2.5096200000e-01
978 9.7701000000e+00 -8.4354930500e-01 -4.1525700000e-01
979 9.7801000000e+00 -8.3939673500e-01 9.2259800000e-02
980 9.7901000000e+00 -8.4031933300e-01 -6.3809900000e-02
981 9.8001000000e+00 -8.3968123400e-01 -1.3062417000e+00
982 9.8101000000e+00 -8.2661881700e-01 1.6657889000e+00
983 9.8201000000e+00 -8.4327670600e-01 -1.2935154000e+00
984 9.8301000000e+00 -8.3034155200e-01 2.2582120000e-01
985 9.8401000000e+00 -8.3259976400e-01 -2.9479860000e-01
986 9.8501000000e+00 -8.2965177800e-01 -2.9271730000e-01
987 9.8601000000e+00 -8.2672460500e-01 -4.9544710000e-01
988 9.8701000000e+00 -8.2177013400e-01 -8.5508600000e-02
989 9.8801000000e+00 -8.2091504800e-01 -3.6153690000e-01
990 9.8901000000e+00 -8.1729967900e-01 2.0104000000e-03
991 9.9001000000e+00 -8.1731978300e-01 -3.0264860000e-01
992 9.9101000000e+00 -8.1429329700e-01 3.3513970000e-01
993 9.9201000000e+00 -8.1764469400e-01 -3.0789900000e-02
994 9.9301000000e+00 -8.1733679500e-01 1.1822950000e-01
995 9.9401000000e+00 -8.1851909000e-01 -1.0059908000e+00
996 9.9501000000e+00 -8.0845918200e-01 -3.1775620000e-01
997 9.9601000000e+00 -8.0528162000e-01 -9.9488340000e-01
998 9.9701000000e+00 -7.9533278600e-01 1.2077618000e+00
999 9.9801000000e+00 -8.0741040400e-01 -1.2176100000e+00
1000 9.9901000000e+00 -7.9523430400e-01 6.7175320000e-01
1001 1.0000100000e+01 -8.0195183600e-01 4.6682600000e-02
1002 1.0010100000e+01 -8.0241866200e-01 -1.1576170000e+00
1003 1.0020100000e+01 -7.9084249200e-01 4.7339780000e-01
1004 1.0030100000e+01 -7.9557647000e-01 9.0985000000e-02
1005 1.0040100000e+01 -7.9648632000e-01 -5.0399800000e-02
1006 1.0050100000e+01 -7.9598232200e-01 -9.0828970000e-01
1007 1.0060100000e+01 -7.8689942500e-01 -2.3411600000e-01
1008 1.0070100000e+01 -7.8455826500e-01 -3.3971800000e-02
1009 1.0080100000e+01 -7.8421854700e-01 -6.1751110000e-01
1010 1.0090100000e+01 -7.7804343600e-01 3.4637690000e-01
1011 1.0100100000e+01 -7.8150720500e-01 -4.1886140000e-01
1012 1.0110100000e+01 -7.7731859100e-01 -6.3409540000e-01
1013 1.0120100000e+01 -7.7097763700e-01 3.7648220000e-01
1014 1.0130100000e+01 -7.7474245900e-01 -8.1051860000e-01
1015 1.0140100000e+01 -7.6663727300e-01 -1.8800800000e-02
1016 1.0150100000e+01 -7.6644926500e-01 5.8245360000e-01
1017 1.0160100000e+01 -7.7227380100e-01 -9.1007770000e-01
1018 1.0170100000e+01 -7.6317302400e-01 1.9043140000e-01
1019 1.0180100000e+01 -7.6507733800e-01 2.0029450000e-01
1020 1.0190100000e+01 -7.6708028300e-01 -1.0270528000e+00
1021 1.0200100000e+01 -7.5680975500e-01 2.4193620000e-01
1022 1.0210100000e+01 -7.5922911700e-01 -8.8905610000e-01
1023 1.0220100000e+01 -7.5033855600e-01 -3.6348500000e-02
1024 1.0230100000e+01 -7.4997507100e-01 -3.3851450000e-01
1025 1.0240100000e+01 -7.4658992600e-01 -1.4609860000e-01
1026 1.0250100000e+01 -7.4512894000e-01 -3.9700840000e-01
1027 1.0260100000e+01 -7.4115885600e-01 3.6404910000e-01
1028 1.0270100000e+01 -7.4479934700e-01 -5.7420810000e-01
1029 1.0280100000e+01 -7.3905726600e-01 -9.7680380000e-01
1030 1.0290100000e+01 -7.2928922800e-01 -2.0771790000e-01
1031 1.0300100000e+01 -7.2721204900e-01 -3.5553290000e-01
1032 1.0310100000e+01 -7.2365672000e-01 -1.5751360000e-01
1033 1.0320100000e+01 -7.2208158400e-01 3.4196420000e-01
1034 1.0330100000e+01 -7.2550122600e-01 -6.7716630000e-01
1035 1.0340100000e+01 -7.1872956300e-01 -3.3005580000e-01
1036 1.0350100000e+01 -7.1542900500e-01 -2.5300240000e-01
1037 1.0360100000e+01 -7.1289898100e-01 -4.0055750000e-01
1038 1.0370100000e+01 -7.0889340600e-01 -3.8997380000e-01
1039 1.0380100000e+01 -7.0499366800e-01 1.5455350000e-01
1040 1.0390100000e+01 -7.0653920300e-01 -2.8907230000e-01
1041 1.0400100000e+01 -7.0364848000e-01 1.4552050000e-01
1042 1.0410100000e+01 -7.0510368500e-01 -5.0634430000e-01
1043 1.0420100000e+01 -7.0004024200e-01 2.4242680000e-01
1044 1.0430100000e+01 -7.0246451000e-01 -1.2503848000e+00
1045 1.0440100000e+01 -6.8996066200e-01 -6.3412130000e-01
1046 1.0450100000e+01 -6.8361944900e-01 -2.3173950000e-01
1047 1.0460100000e+01 -6.8130205400e-01 -2.0887000000e-02
1048 1.0470100000e+01 -6.8109318400e-01 -6.0885170000e-01
1049 1.0480100000e+01 -6.7500466700e-01 -1.0396133000e+00
1050 1.0490100000e+01 -6.6460853400e-01 8.6465650000e-01
1051 1.0500100000e+01 -6.7325509900e-01 -6.5469810000e-01
1052 1.0510100000e+01 -6.6670811800e-01 -6.2604710000e-01
1053 1.0520100000e+01 -6.6044764700e-01 4.6196690000e-01
1054 1.0530100000e+01 -6.6506731600e-01 -6.4586480000e-01
1055 1.0540100000e+01 -6.5860866800e-01 -7.2087780000e-01
1056 1.0550100000e+01 -6.5139989000e-01 -5.8295400000e-02
1057 1.0560100000e+01 -6.5081693600e-01 -8.2531580000e-01
1058 1.0570100000e+01 -6.4256377800e-01 2.9771630000e-01
1059 1.0580100000e+01 -6.4554094100e-01 -2.4622210000e-01
1060 1.0590100000e+01 -6.4307872000e-01 -1.7500000016e-05
1061 1.0600100000e+01 -6.4307854500e-01 -2.4741870000e-01
1062 1.0610100000e+01 -6.4060435800e-01 -1.1063840000e-01
1063 1.0620100000e+01 -6.3949797400e-01 -1.6994606000e+00
1064 1.0630100000e+01 -6.2250336800e-01 8.2661220000e-01
1065 1.0640100000e+01 -6.3076949000e-01 -2.9527470000e-01
1066 1.0650100000e+01 -6.2781674300e-01 -1.0284157000e+00
1067 1.0660100000e+01 -6.1753258600e-01 -6.1879850000e-01
1068 1.0670100000e+01 -6.1134460100e-01 -1.9357360000e-01
1069 1.0680100000e+01 -6.0940886500e-01 4.7042600000e-01
1070 1.0690100000e+01 -6.1411312500e-01 -3.3128390000e-01
1071 1.0700100000e+01 -6.1080028600e-01 -5.5385160000e-01
1072 1.0710100000e+01 -6.0526177000e-01 2.1355830000e-01
1073 1.0720100000e+01 -6.0739735300e-01 -3.0229810000e-01
1074 1.0730100000e+01 -6.0437437200e-01 -9.0921990000e-01
1075 1.0740100000e+01 -5.9528217300e-01 -4.6743610000e-01
1076 1.0750100000e+01 -5.9060781200e-01 2.5241080000e-01
1077 1.0760100000e+01 -5.9313192000e-01 -9.9472840000e-01
1078 1.0770100000e+01 -5.8318463600e-01 1.8330340000e-01
1079 1.0780100000e+01 -5.8501767000e-01 -1.3107015000e+00
1080 1.0790100000e+01 -5.7191065500e-01 6.9299690000e-01
1081 1.0800100000e+01 -5.7884062400e-01 -5.2670240000e-01
1082 1.0810100000e+01 -5.7357360000e-01 -2.3536300000e-01
1083 1.0820100000e+01 -5.7121997000e-01 4.7726900000e-02
1084 1.0830100000e+01 -5.7169723900e-01 -9.7881650000e-01
1085 1.0840100000e+01 -5.6190907400e-01 6.3094500000e-02
1086 1.0850100000e+01 -5.6254001900e-01 -6.9309310000e-01
1087 1.0860100000e+01 -5.5560908800e-01 -1.1514700000e-02
1088 1.0870100000e+01 -5.5549394100e-01 -8.4077980000e-01
1089 1.0880100000e+01 -5.4708614300e-01 -2.2735680000e-01
1090 1.0890100000e+01 -5.4481257500e-01 -2.7128600000e-02
1091 1.0900100000e+01 -5.4454128900e-01 6.0161900000e-02
1092 1.0910100000e+01 -5.4514290800e-01 -1.3394482000e+00
1093 1.0920100000e+01 -5.3174842600e-01 1.3011400000e-01
1094 1.0930100000e+01 -5.3304956600e-01 -7.6182240000e-01
1095 1.0940100000e+01 -5.2543134200e-01 -2.8350010000e-01
1096 1.0950100000e+01 -5.2259634100e-01 1.4633980000e-01
1097 1.0960100000e+01 -5.2405973900e-01 -4.7244870000e-01
1098 1.0970100000e+01 -5.1933525200e-01 -9.6921910000e-01
1099 1.0980100000e+01 -5.0964306100e-01 -4.5768900000e-02
1100 1.0990100000e+01 -5.0918537200e-01 -1.0224530000e-01
1101 1.1000100000e+01 -5.0816291900e-01 -4.4187960000e-01
1102 1.1010100000e+01 -5.0374412300e-01 -2.1327120000e-01
1103 1.1020100000e+01 -5.0161141100e-01 -8.2343000000e-02
1104 1.1030100000e+01 -5.0078798100e-01 -4.6068010000e-01
1105 1.1040100000e+01 -4.9618118000e-01 -2.7451910000e-01
1106 1.1050100000e+01 -4.9343598900e-01 -4.7767000000e-03
1107 1.1060100000e+01 -4.9338822200e-01 -3.3894400000e-01
1108 1.1070100000e+01 -4.8999878200e-01 -5.5672850000e-01
1109 1.1080100000e+01 -4.8443149700e-01 -4.0422900000e-01
1110 1.1090100000e+01 -4.8038920700e-01 3.0294760000e-01
1111 1.1100100000e+01 -4.8341868300e-01 -2.5316630000e-01
1112 1.1110100000e+01 -4.8088702000e-01 -1.4710156000e+00
1113 1.1120100000e+01 -4.6617686400e-01 4.7670100000e-02
1114 1.1130100000e+01 -4.6665356500e-01 -9.6828180000e-01
1115 1.1140100000e+01 -4.5697074700e-01 6.7507970000e-01
1116 1.1150100000e+01 -4.6372154400e-01 -6.4143570000e-01
1117 1.1160100000e+01 -4.5730718700e-01 2.4345710000e-01
1118 1.1170100000e+01 -4.5974175800e-01 -1.5313995000e+00
1119 1.1180100000e+01 -4.4442776300e-01 2.0001170000e-01
1120 1.1190100000e+01 -4.4642788000e-01 8.7774440000e-01
1121 1.1200100000e+01 -4.5520532400e-01 -1.7641895000e+00
1122 1.1210100000e+01 -4.3756342900e-01 5.5946200000e-02
1123 1.1220100000e+01 -4.3812289100e-01 -4.5079130000e-01
1124 1.1230100000e+01 -4.3361497800e-01 -4.3602980000e-01
1125 1.1240100000e+01 -4.2925468000e-01 -6.5350000000e-03
1126 1.1250100000e+01 -4.2918933000e-01 -2.2665470000e-01
1127 1.1260100000e+01 -4.2692278300e-01 -5.8147130000e-01
1128 1.1270100000e+01 -4.2110807000e-01 -3.7251890000e-01
1129 1.1280100000e+01 -4.1738288100e-01 -6.9926140000e-01
1130 1.1290100000e+01 -4.1039026700e-01 -9.2357820000e-01
1131 1.1300100000e+01 -4.0115448500e-01 4.2186210000e-01
1132 1.1310100000e+01 -4.0537310600e-01 4.7906630000e-01
1133 1.1320100000e+01 -4.1016376900e-01 -5.4873560000e-01
1134 1.1330100000e+01 -4.0467641300e-01 -1.0172932000e+00
1135 1.1340100000e+01 -3.9450348100e-01 1.4325300000e-01
1136 1.1350100000e+01 -3.9593601100e-01 -7.9184740000e-01
1137 1.1360100000e+01 -3.8801753700e-01 9.0024690000e-01
1138 1.1370100000e+01 -3.9702000600e-01 -1.5965918000e+00
1139 1.1380100000e+01 -3.8105408800e-01 2.4337170000e-01
1140 1.1390100000e+01 -3.8348780500e-01 -7.4991850000e-01
1141 1.1400100000e+01 -3.7598862000e-01 -2.3157870000e-01
1142 1.1410100000e+01 -3.7367283300e-01 -6.0419600000e-02
1143 1.1420100000e+01 -3.7306863700e-01 1.0252890000e-01
1144 1.1430100000e+01 -3.7409392600e-01 -4.4286790000e-01
1145 1.1440100000e+01 -3.6966524700e-01 -5.9576380000e-01
1146 1.1450100000e+01 -3.6370760900e-01 -4.5661830000e-01
1147 1.1460100000e+01 -3.5914142600e-01 -1.7368840000e-01
1148 1.1470100000e+01 -3.5740454200e-01 1.2416030000e-01
1149 1.1480100000e+01 -3.5864614500e-01 -4.4662450000e-01
1150 1.1490100000e+01 -3.5417990000e-01 -5.5694920000e-01
1151 1.1500100000e+01 -3.4861040800e-01 -7.5998530000e-01
1152 1.1510100000e+01 -3.4101055500e-01 8.1938000000e-03
1153 1.1520100000e+01 -3.4109249300e-01 -3.2627580000e-01
1154 1.1530100000e+01 -3.3782973500e-01 -3.4345170000e-01
1155 1.1540100000e+01 -3.3439521800e-01 4.0131150000e-01
1156 1.1550100000e+01 -3.3840833300e-01 -6.0970280000e-01
1157 1.1560100000e+01 -3.3231130500e-01 -5.3069080000e-01
1158 1.1570100000e+01 -3.2700439700e-01 3.7201800000e-02
1159 1.1580100000e+01 -3.2737641500e-01 -3.6999710000e-01
1160 1.1590100000e+01 -3.2367644400e-01 1.1154590000e-01
1161 1.1600100000e+01 -3.2479190300e-01 -7.5341840000e-01
1162 1.1610100000e+01 -3.1725771900e-01 -2.8107810000e-01
1163 1.1620100000e+01 -3.1444693800e-01 1.0659870000e-01
1164 1.1630100000e+01 -3.1551292500e-01 -7.4841850000e-01
1165 1.1640100000e+01 -3.0802874000e-01 -3.6780630000e-01
1166 1.1650100000e+01 -3.0435067700e-01 -1.0433630000e-01
1167 1.1660100000e+01 -3.0330731400e-01 -2.5968170000e-01
1168 1.1670100000e+01 -3.0071049700e-01 -7.2943880000e-01
1169 1.1680100000e+01 -2.9341610900e-01 -8.3890800000e-02
1170 1.1690100000e+01 -2.9257720100e-01 5.8458910000e-01
1171 1.1700100000e+01 -2.9842309200e-01 -6.1644720000e-01
1172 1.1710100000e+01 -2.9225862000e-01 -5.7549680000e-01
1173 1.1720100000e+01 -2.8650365200e-01 -3.4877200000e-02
1174 1.1730100000e+01 -2.8615488000e-01 -5.9688630000e-01
1175 1.1740100000e+01 -2.8018601700e-01 1.2002000000e-03
1176 1.1750100000e+01 -2.8019801900e-01 6.2093480000e-01
1177 1.1760100000e+01 -2.8640736700e-01 -1.6158144000e+00
1178 1.1770100000e+01 -2.7024922300e-01 -5.1385000000e-02
1179 1.1780100000e+01 -2.6973537300e-01 7.9469700000e-02
1180 1.1790100000e+01 -2.7053007000e-01 -8.1035200000e-02
1181 1.1800100000e+01 -2.6971971800e-01 -4.9859530000e-01
1182 1.1810100000e+01 -2.6473376500e-01 -3.6607770000e-01
1183 1.1820100000e+01 -2.6107298800e-01 -4.9035070000e-01
1184 1.1830100000e+01 -2.5616948100e-01 -8.8375800000e-02
1185 1.1840100000e+01 -2.5528572300e-01 -4.6063240000e-01
1186 1.1850100000e+01 -2.5067939900e-01 -5.2988360000e-01
1187 1.1860100000e+01 -2.4538056300e-01 6.4091560000e-01
1188 1.1870100000e+01 -2.5178971900e-01 -1.0001448000e+00
1189 1.1880100000e+01 -2.4178827100e-01 4.9663400000e-02
1190 1.1890100000e+01 -2.4228490500e-01 -8.4847190000e-01
1191 1.1900100000e+01 -2.3380018600e-01 6.7681340000e-01
1192 1.1910100000e+01 -2.4056832000e-01 -4.8266180000e-01
1193 1.1920100000e+01 -2.3574170200e-01 -2.7532720000e-01
1194 1.1930100000e+01 -2.3298843000e-01 -7.9218500000e-01
1195 1.1940100000e+01 -2.2506658000e-01 1.1082050000e-01
1196 1.1950100000e+01 -2.2617478500e-01 -3.8431660000e-01
1197 1.1960100000e+01 -2.2233161900e-01 1.2142230000e-01
1198 1.1970100000e+01 -2.2354584200e-01 -7.2789430000e-01
1199 1.1980100000e+01 -2.1626689900e-01 -1.1064250000e-01
1200 1.1990100000e+01 -2.1516047400e-01 3.1991520000e-01
1201 1.2000100000e+01 -2.1835962600e-01 -9.2706130000e-01
1202 1.2010100000e+01 -2.0908901300e-01 5.5056800000e-02
1203 1.2020100000e+01 -2.0963958100e-01 5.6436030000e-01
1204 1.2030100000e+01 -2.1528318400e-01 -5.8113440000e-01
1205 1.2040100000e+01 -2.0947184000e-01 -6.6396580000e-01
1206 1.2050100000e+01 -2.0283218200e-01 -1.1084850000e-01
1207 1.2060100000e+01 -2.0172369700e-01 -5.2344390000e-01
1208 1.2070100000e+01 -1.9648925800e-01 1.1672430000e-01
1209 1.2080100000e+01 -1.9765650100e-01 3.3001750000e-01
1210 1.2090100000e+01 -2.0095667600e-01 -5.5601570000e-01
1211 1.2100100000e+01 -1.9539651900e-01 -1.0819732000e+00
1212 1.2110100000e+01 -1.8457678700e-01 3.5593750000e-01
1213 1.2120100000e+01 -1.8813616200e-01 -2.5057200000e-01
1214 1.2130100000e+01 -1.8563044200e-01 -3.0262660000e-01
1215 1.2140100000e+01 -1.8260417600e-01 -9.6599920000e-01
1216 1.2150100000e+01 -1.7294418400e-01 6.4025430000e-01
1217 1.2160100000e+01 -1.7934672700e-01 -1.8813790000e-01
1218 1.2170100000e+01 -1.7746534800e-01 -3.3527830000e-01
1219 1.2180100000e+01 -1.7411256500e-01 -5.7808080000e-01
1220 1.2190100000e+01 -1.6833175700e-01 -7.7244010000e-02
1221 1.2200100000e+01 -1.6755931690e-01 2.7260981000e-01
1222 1.2210100000e+01 -1.7028541500e-01 6.4182600000e-02
1223 1.2220100000e+01 -1.7092724100e-01 -5.3578615000e-01
1224 1.2230100000e+01 -1.6556937950e-01 -3.8825255000e-01
1225 1.2240100000e+01 -1.6168685400e-01 -1.1762164000e-01
1226 1.2250100000e+01 -1.6051063760e-01 -7.5288500000e-02
1227 1.2260100000e+01 -1.5975775260e-01 -6.3550381000e-01
1228 1.2270100000e+01 -1.5340271450e-01 6.3345350000e-02
1229 1.2280100000e+01 -1.5403616800e-01 -6.1254200000e-02
1230 1.2290100000e+01 -1.5342362600e-01 1.0083910000e-01
1231 1.2300100000e+01 -1.5443201700e-01 -4.2857380000e-01
1232 1.2310100000e+01 -1.5014627900e-01 1.9149626000e-01
1233 1.2320100000e+01 -1.5206124160e-01 -3.7461930000e-01
1234 1.2330100000e+01 -1.4831504860e-01 -1.0313360000e-02
1235 1.2340100000e+01 -1.4821191500e-01 -7.9320955000e-01
1236 1.2350100000e+01 -1.4027981950e-01 -3.1501750000e-02
1237 1.2360100000e+01 -1.3996480200e-01 1.4443500000e-01
1238 1.2370100000e+01 -1.4140915200e-01 -8.8896264000e-01
1239 1.2380100000e+01 -1.3251952560e-01 5.7761664000e-01
1240 1.2390100000e+01 -1.3829569200e-01 -1.5185030000e-01
1241 1.2400100000e+01 -1.3677718900e-01 -2.7067126000e-01
1242 1.2410100000e+01 -1.3407047640e-01 -3.9138035000e-01
1243 1.2420100000e+01 -1.3015667290e-01 -6.9128500000e-03
1244 1.2430100000e+01 -1.3008754440e-01 -6.0110716000e-01
1245 1.2440100000e+01 -1.2407647280e-01 -6.2129822000e-01
1246 1.2450100000e+01 -1.1786349060e-01 8.3596210000e-01
1247 1.2460100000e+01 -1.2622311160e-01 -4.9944085000e-01
1248 1.2470100000e+01 -1.2122870310e-01 -7.0137271000e-01
1249 1.2480100000e+01 -1.1421497600e-01 1.4484150000e-02
1250 1.2490100000e+01 -1.1435981750e-01 6.1297606000e-01
1251 1.2500100000e+01 -1.2048957810e-01 -5.0809815000e-01
1252 1.2510100000e+01 -1.1540859660e-01 2.2815094000e-01
1253 1.2520100000e+01 -1.1769010600e-01 2.5139500000e-02
1254 1.2530100000e+01 -1.1794150100e-01 -7.8312631000e-01
1255 1.2540100000e+01 -1.1011023790e-01 1.7623925000e-01
1256 1.2550100000e+01 -1.1187263040e-01 -2.1378080000e-01
1257 1.2560100000e+01 -1.0973482240e-01 -4.4148497000e-01
1258 1.2570100000e+01 -1.0531997270e-01 -3.8257062000e-01
1259 1.2580100000e+01 -1.0149426650e-01 1.2565100000e-02
1260 1.2590100000e+01 -1.0161991750e-01 4.7165400000e-03
1261 1.2600100000e+01 -1.0166708290e-01 -1.0213475600e+00
1262 1.2610100000e+01 -9.1453607300e-02 7.7815627000e-01
1263 1.2620100000e+01 -9.9235170000e-02 -3.3159055000e-01
1264 1.2630100000e+01 -9.5919264500e-02 -3.5484440000e-01
1265 1.2640100000e+01 -9.2370820500e-02 -3.3132193000e-01
1266 1.2650100000e+01 -8.9057601200e-02 -2.8695626000e-01
1267 1.2660100000e+01 -8.6188038600e-02 -4.7827010000e-02
1268 1.2670100000e+01 -8.5709768500e-02 7.3512275000e-01
1269 1.2680100000e+01 -9.3060996000e-02 -1.0550073400e+00
1270 1.2690100000e+01 -8.2510922600e-02 8.1373165000e-01
1271 1.2700100000e+01 -9.0648239100e-02 -9.9833300000e-01
1272 1.2710100000e+01 -8.0664909100e-02 -8.4491050000e-02
1273 1.2720100000e+01 -7.9819998600e-02 5.5956929000e-01
1274 1.2730100000e+01 -8.5415691500e-02 -9.8409064000e-01
1275 1.2740100000e+01 -7.5574785100e-02 2.1243211000e-01
1276 1.2750100000e+01 -7.7699106200e-02 3.3201445000e-01
1277 1.2760100000e+01 -8.1019250700e-02 8.7964040000e-02
1278 1.2770100000e+01 -8.1898891100e-02 -4.4245952000e-01
1279 1.2780100000e+01 -7.7474295900e-02 -4.8003500000e-03
1280 1.2790100000e+01 -7.7426292400e-02 -4.5484790000e-02
1281 1.2800100000e+01 -7.6971444500e-02 -3.3079697000e-01
1282 1.2810100000e+01 -7.3663474800e-02 -3.5707999000e-01
1283 1.2820100000e+01 -7.0092674900e-02 7.9197850000e-02
1284 1.2830100000e+01 -7.0884653400e-02 -6.5646022000e-01
1285 1.2840100000e+01 -6.4320051200e-02 -6.2982100000e-03
1286 1.2850100000e+01 -6.4257069100e-02 2.2739410000e-02
1287 1.2860100000e+01 -6.4484463200e-02 -1.5357350000e-02
1288 1.2870100000e+01 -6.4330889700e-02 1.1825990000e-02
1289 1.2880100000e+01 -6.4449149600e-02 -6.1516781000e-01
1290 1.2890100000e+01 -5.8297471500e-02 -4.6012086000e-01
1291 1.2900100000e+01 -5.3696262900e-02 1.3546444000e+00
1292 1.2910100000e+01 -6.7242706900e-02 -1.0002321000e+00
1293 1.2920100000e+01 -5.7240385900e-02 3.5164965000e-01
1294 1.2930100000e+01 -6.0756882400e-02 -9.1738089500e-01
1295 1.2940100000e+01 -5.1583073450e-02 2.1640754500e-01
1296 1.2950100000e+01 -5.3747148900e-02 2.8687221000e-01
1297 1.2960100000e+01 -5.6615871000e-02 -5.9801687300e-01
1298 1.2970100000e+01 -5.0635702270e-02 4.7169950300e-01
1299 1.2980100000e+01 -5.5352697300e-02 3.0560950000e-02
1300 1.2990100000e+01 -5.5658306800e-02 -7.0181671000e-01
1301 1.3000100000e+01 -4.8640139700e-02 -6.5545650000e-02
1302 1.3010100000e+01 -4.7984683200e-02 1.7607400000e-01
1303 1.3020100000e+01 -4.9745423200e-02 -5.9296685500e-01
1304 1.3030100000e+01 -4.3815754650e-02 -4.0344450100e-01
1305 1.3040100000e+01 -3.9781309640e-02 -3.1602806400e-01
1306 1.3050100000e+01 -3.6621029000e-02 9.5133010500e-01
1307 1.3060100000e+01 -4.6134330050e-02 -7.4716987500e-01
1308 1.3070100000e+01 -3.8662631300e-02 6.6233366000e-01
1309 1.3080100000e+01 -4.5285967900e-02 -6.2418711000e-01
1310 1.3090100000e+01 -3.9044096800e-02 4.6613920000e-01
1311 1.3100100000e+01 -4.3705488800e-02 -3.4946475000e-01
1312 1.3110100000e+01 -4.0210841300e-02 3.9270427000e-02
1313 1.3120100000e+01 -4.0603545570e-02 -1.6177080700e-01
1314 1.3130100000e+01 -3.8985837500e-02 3.2840090000e-01
1315 1.3140100000e+01 -4.2269846500e-02 -3.0761290000e-02
1316 1.3150100000e+01 -4.1962233600e-02 -6.8954180700e-01
1317 1.3160100000e+01 -3.5066815530e-02 -8.9298353000e-02
1318 1.3170100000e+01 -3.4173832000e-02 1.1221710000e-02
1319 1.3180100000e+01 -3.4286049100e-02 -2.9168674300e-01
1320 1.3190100000e+01 -3.1369181670e-02 -3.0168008400e-01
1321 1.3200100000e+01 -2.8352380830e-02 1.9719171200e-01
1322 1.3210100000e+01 -3.0324297950e-02 2.1581688800e-01
1323 1.3220100000e+01 -3.2482466830e-02 -3.9012174050e-01
1324 1.3230100000e+01 -2.8581249425e-02 9.0208879750e-01
1325 1.3240100000e+01 -3.7602137400e-02 -7.8690818300e-01
1326 1.3250100000e+01 -2.9733055570e-02 -8.3052486000e-02
1327 1.3260100000e+01 -2.8902530710e-02 -9.8674376000e-02
1328 1.3270100000e+01 -2.7915786950e-02 -5.8709665000e-02
1329 1.3280100000e+01 -2.7328690300e-02 2.8266898500e-01
1330 1.3290100000e+01 -3.0155380150e-02 -2.4683271500e-01
1331 1.3300100000e+01 -2.7687053000e-02 -2.2652205500e-01
1332 1.3310100000e+01 -2.5421832450e-02 -2.4046706900e-01
1333 1.3320100000e+01 -2.3017161760e-02 -2.5258782000e-02
1334 1.3330100000e+01 -2.2764573940e-02 2.6626952100e-01
1335 1.3340100000e+01 -2.5427269150e-02 -3.9363599300e-01
1336 1.3350100000e+01 -2.1490909220e-02 2.0097590800e-01
1337 1.3360100000e+01 -2.3500668300e-02 -2.9230817000e-01
1338 1.3370100000e+01 -2.0577586600e-02 -9.5312958460e-01
1339 1.3380100000e+01 -1.1046290754e-02 4.0078089430e-01
1340 1.3390100000e+01 -1.5054099697e-02 3.4176326530e-01
1341 1.3400100000e+01 -1.8471732350e-02 2.4455962250e-01
1342 1.3410100000e+01 -2.0917328575e-02 -4.3862748350e-01
1343 1.3420100000e+01 -1.6531053740e-02 1.9544544600e-01
1344 1.3430100000e+01 -1.8485508200e-02 -2.9898813500e-01
1345 1.3440100000e+01 -1.5495626850e-02 -2.6775480000e-03
1346 1.3450100000e+01 -1.5468851370e-02 8.8255957000e-02
1347 1.3460100000e+01 -1.6351410940e-02 -8.3293375900e-01
1348 1.3470100000e+01 -8.0220733500e-03 2.3874110810e-01
1349 1.3480100000e+01 -1.0409484431e-02 2.5142973690e-01
1350 1.3490100000e+01 -1.2923781800e-02 8.1406399500e-01
1351 1.3500100000e+01 -2.1064421750e-02 -1.2397140875e+00
1352 1.3510100000e+01 -8.6672808750e-03 -4.4774014643e-02
1353 1.3520100000e+01 -8.2195407286e-03 3.2895383414e-01
1354 1.3530100000e+01 -1.1509079070e-02 4.2768812600e-01
1355 1.3540100000e+01 -1.5785960330e-02 -7.3313817900e-01
1356 1.3550100000e+01 -8.4545785400e-03 3.1521217900e-01
1357 1.3560100000e+01 -1.1606700330e-02 -1.3135691700e-01
1358 1.3570100000e+01 -1.0293131160e-02 2.4360114240e-01
1359 1.3580100000e+01 -1.2729142584e-02 -3.6747782040e-01
1360 1.3590100000e+01 -9.0543643800e-03 -9.2485705200e-02
1361 1.3600100000e+01 -8.1295073280e-03 2.0790047300e-02
1362 1.3610100000e+01 -8.3374078010e-03 -3.1625161400e-02
1363 1.3620100000e+01 -8.0211561870e-03 -7.8991007700e-02
1364 1.3630100000e+01 -7.2312461100e-03 3.6765131000e-02
1365 1.3640100000e+01 -7.5988974200e-03 -1.0816509900e-01
1366 1.3650100000e+01 -6.5172464300e-03 4.5999167400e-01
1367 1.3660100000e+01 -1.1117163170e-02 -6.3906064460e-01
1368 1.3670100000e+01 -4.7265567240e-03 3.5721943960e-01
1369 1.3680100000e+01 -8.2987511200e-03 -6.8620008810e-02
1370 1.3690100000e+01 -7.6125510319e-03 -4.8447926653e-01
1371 1.3700100000e+01 -2.7677583666e-03 -2.2367679796e-01
1372 1.3710100000e+01 -5.3099038700e-04 7.6137093030e-01
1373 1.3720100000e+01 -8.1446996900e-03 -3.2935015300e-01
1374 1.3730100000e+01 -4.8511981600e-03 -2.6568860100e-01
1375 1.3740100000e+01 -2.1943121500e-03 -2.0020808100e-01
1376 1.3750100000e+01 -1.9223134000e-04 1.1316423240e-01
1377 1.3760100000e+01 -1.3238736640e-03 5.0900279760e-01
1378 1.3770100000e+01 -6.4139016400e-03 -4.2276420470e-01
1379 1.3780100000e+01 -2.1862595930e-03 7.8673181700e-02
1380 1.3790100000e+01 -2.9729914100e-03 -3.8866043730e-01
1381 1.3800100000e+01 9.1361296300e-04 3.4104399130e-01
1382 1.3810100000e+01 -2.4968269500e-03 -1.4646460100e-01
1383 1.3820100000e+01 -1.0321809400e-03 -1.4503392700e-01
1384 1.3830100000e+01 4.1815833000e-04 -3.9677138400e-01
1385 1.3840100000e+01 4.3858721700e-03 6.0192373000e-01
1386 1.3850100000e+01 -1.6333651300e-03 4.1369682500e-01
1387 1.3860100000e+01 -5.7703333800e-03 -4.9349315600e-01
1388 1.3870100000e+01 -8.3540182000e-04 7.3937211000e-02
1389 1.3880100000e+01 -1.5747739300e-03 1.0150334360e-01
1390 1.3890100000e+01 -2.5898073660e-03 -6.2897290810e-01
1391 1.3900100000e+01 3.6999217150e-03 5.1622330550e-01
1392 1.3910100000e+01 -1.4623113400e-03 -4.6724887130e-01
1393 1.3920100000e+01 3.2101773730e-03 1.3372662130e-01
1394 1.3930100000e+01 1.8729111600e-03 -4.0020984400e-01
1395 1.3940100000e+01 5.8750096000e-03 4.9897203900e-01
1396 1.3950100000e+01 8.8528921000e-04 2.4017919000e-02
1397 1.3960100000e+01 6.4511002000e-04 6.6503469600e-01
1398 1.3970100000e+01 -6.0052369400e-03 -4.3351591000e-01
1399 1.3980100000e+01 -1.6700778400e-03 -8.5893386480e-01
1400 1.3990100000e+01 6.9192608080e-03 1.1699037068e+00
1401 1.4000100000e+01 -4.7797762600e-03 -5.7269082700e-01
1402 1.4010100000e+01 9.4713201000e-04 4.8726272900e-01
1403 1.4020100000e+01 -3.9254952800e-03 -7.5448454350e-01
1404 1.4030100000e+01 3.6193501550e-03 3.1630402200e-01
1405 1.4040100000e+01 4.5630993500e-04 -3.0790468500e-02
1406 1.4050100000e+01 7.6421462000e-04 -8.6570403000e-02
1407 1.4060100000e+01 1.6299186500e-03 -6.2021334000e-02
1408 1.4070100000e+01 2.2501319900e-03 7.9935390000e-03
1409 1.4080100000e+01 2.1701966000e-03 4.0926643000e-02
1410 1.4090100000e+01 1.7609301700e-03 9.5759249200e-02
1411 1.4100100000e+01 8.0333767800e-04 -1.1324591700e-01
1412 1.4110100000e+01 1.9357968480e-03 -6.2380445040e-01
1413 1.4120100000e+01 8.1738413520e-03 6.5390284540e-01
1414 1.4130100000e+01 1.6348128980e-03 -2.4972553425e-01
1415 1.4140100000e+01 4.1320682405e-03 -8.7174361953e-02
1416 1.4150100000e+01 5.0038118600e-03 3.8987037370e-01
1417 1.4160100000e+01 1.1051081230e-03 -5.9282049000e-02
1418 1.4170100000e+01 1.6979286130e-03 -2.2693497730e-01
1419 1.4180100000e+01 3.9672783860e-03 -1.8436018350e-01
1420 1.4190100000e+01 5.8108802210e-03 8.7021502800e-02
1421 1.4200100000e+01 4.9406651930e-03 6.6812762030e-01
1422 1.4210100000e+01 -1.7406110100e-03 -1.3204952000e-01
1423 1.4220100000e+01 -4.2011581000e-04 8.1628626000e-02
1424 1.4230100000e+01 -1.2364020700e-03 -3.3084021700e-01
1425 1.4240100000e+01 2.0720001000e-03 -7.1754418000e-01
1426 1.4250100000e+01 9.2474419000e-03 1.7421699400e-01
1427 1.4260100000e+01 7.5052719600e-03 4.9577402600e-01
1428 1.4270100000e+01 2.5475317000e-03 -3.1495264700e-01
1429 1.4280100000e+01 5.6970581700e-03 -1.6324641800e-01
1430 1.4290100000e+01 7.3295223500e-03 3.9013496000e-01
1431 1.4300100000e+01 3.4281727500e-03 -4.1059064900e-01
1432 1.4310100000e+01 7.5340792400e-03 3.0704356400e-01
1433 1.4320100000e+01 4.4636436000e-03 -3.6435030600e-01
1434 1.4330100000e+01 8.1071466600e-03 2.9803316000e-01
1435 1.4340100000e+01 5.1268150600e-03 5.5216933000e-02
1436 1.4350100000e+01 4.5746457300e-03 7.8159997000e-02
1437 1.4360100000e+01 3.7930457600e-03 -3.6372316300e-01
1438 1.4370100000e+01 7.4302773900e-03 4.4901001470e-01
1439 1.4380100000e+01 2.9401772430e-03 -3.2278975570e-01
1440 1.4390100000e+01 6.1680748000e-03 -2.6495293700e-01
1441 1.4400100000e+01 8.8176041700e-03 4.5041678570e-01
1442 1.4410100000e+01 4.3134363130e-03 1.7828402913e-01
1443 1.4420100000e+01 2.5305960217e-03 -5.0520509830e-02
1444 1.4430100000e+01 3.0358011200e-03 4.0253652000e-01
1445 1.4440100000e+01 -9.8956408000e-04 -5.7291536700e-01
1446 1.4450100000e+01 4.7395895900e-03 7.8383647080e-01
1447 1.4460100000e+01 -3.0987751180e-03 -3.0673055080e-01
1448 1.4470100000e+01 -3.1469610000e-05 -2.4436463200e-01
1449 1.4480100000e+01 2.4121767100e-03 3.1224759770e-01
1450 1.4490100000e+01 -7.1029926700e-04 -2.2574330570e-01
1451 1.4500100000e+01 1.5471337900e-03 -2.6240338170e-01
1452 1.4510100000e+01 4.1711676070e-03 1.5351066370e-01
1453 1.4520100000e+01 2.6360609700e-03 -5.1242345900e-01
1454 1.4530100000e+01 7.7602955600e-03 2.6455157700e-01
1455 1.4540100000e+01 5.1147797900e-03 2.0636028040e-01
1456 1.4550100000e+01 3.0511769860e-03 -2.6415371000e-02
1457 1.4560100000e+01 3.3153306960e-03 2.4106036830e-01
1458 1.4570100000e+01 9.0472701300e-04 1.1279560130e-01
1459 1.4580100000e+01 -2.2322900000e-04 -2.4409771940e-01
1460 1.4590100000e+01 2.2177481940e-03 3.8708724400e-02
1461 1.4600100000e+01 1.8306609500e-03 1.4826269000e-01
1462 1.4610100000e+01 3.4803405000e-04 -4.1900249000e-02
1463 1.4620100000e+01 7.6703654000e-04 -3.4858234700e-01
1464 1.4630100000e+01 4.2528600100e-03 2.4517988000e-02
1465 1.4640100000e+01 4.0076801300e-03 3.8313706130e-01
1466 1.4650100000e+01 1.7630951700e-04 -1.8538714230e-01
1467 1.4660100000e+01 2.0301809400e-03 4.1427663000e-01
1468 1.4670100000e+01 -2.1125853600e-03 -2.6058072640e-01
1469 1.4680100000e+01 4.9322190400e-04 -7.3643789600e-02
1470 1.4690100000e+01 1.2296598000e-03 -1.3695856635e-01
1471 1.4700100000e+01 2.5992454635e-03 2.0093790350e-02
1472 1.4710100000e+01 2.3983075600e-03 -5.5740189000e-02
1473 1.4720100000e+01 2.9557094500e-03 2.5041737200e-01
1474 1.4730100000e+01 4.5153573000e-04 -1.7610358130e-01
1475 1.4740100000e+01 2.2125715430e-03 -4.4778261700e-02
1476 1.4750100000e+01 2.6603541600e-03 -2.7038625400e-01
1477 1.4760100000e+01 5.3642167000e-03 3.2478051200e-01
1478 1.4770100000e+01 2.1164115800e-03 6.6687631800e-01
1479 1.4780100000e+01 -4.5523516000e-03 -6.5122660745e-01
1480 1.4790100000e+01 1.9599144745e-03 -3.1185348355e-01
1481 1.4800100000e+01 5.0784493100e-03 6.7760081300e-01
1482 1.4810100000e+01 -1.6975588200e-03 -1.7469079100e-01
1483 1.4820100000e+01 4.9349090000e-05 -3.0966461350e-01
1484 1.4830100000e+01 3.1459952250e-03 -8.7643385850e-01
1485 1.4840100000e+01 1.1910333810e-02 6.7861107740e-01
1486 1.4850100000e+01 5.1242230360e-03 3.7067339760e-01
1487 1.4860100000e+01 1.4174890600e-03 4.3849738950e-01
1488 1.4870100000e+01 -2.9674848350e-03 -2.1538424350e-01
1489 1.4880100000e+01 -8.1364240000e-04 -3.5296244060e-01
1490 1.4890100000e+01 2.7159820060e-03 -1.8861992400e-02
1491 1.4900100000e+01 2.9046019300e-03 2.1731037030e-01
1492 1.4910100000e+01 7.3149822700e-04 -4.5028143300e-02
1493 1.4920100000e+01 1.1817796600e-03 -1.4164027933e-01
1494 1.4930100000e+01 2.5981824533e-03 6.2798464633e-01
1495 1.4940100000e+01 -3.6816640100e-03 -2.1428233300e-02
1496 1.4950100000e+01 -3.4673816770e-03 -3.9893420870e-01
1497 1.4960100000e+01 5.2196041000e-04 8.2237540000e-02
1498 1.4970100000e+01 -3.0041499000e-04 -3.8658102300e-02
1499 1.4980100000e+01 8.6166033000e-05 -3.6028227700e-02
1500 1.4990100000e+01 4.4644831000e-04 2.3041482500e-01
1501 1.5000100000e+01 -1.8576999400e-03 -2.9841080200e-02
1502 1.5010100000e+01 -1.5592891380e-03 -1.2577265848e+00
1503 1.5020100000e+01 1.1017976710e-02 1.9534930572e+00
1504 1.5030100000e+01 -8.5169538620e-03 -6.9434087020e-01
1505 1.5040100000e+01 -1.5735451600e-03 -4.3590691800e-01
1506 1.5050100000e+01 2.7855240200e-03 6.4764586826e-01
1507 1.5060100000e+01 -3.6909346626e-03 -3.9505278726e-01
1508 1.5070100000e+01 2.5959321000e-04 -8.0554984300e-02
1509 1.5080100000e+01 1.0651430530e-03 -8.7845074000e-02
1510 1.5090100000e+01 1.9435937930e-03 -2.0862397970e-01
1511 1.5100100000e+01 4.0298335900e-03 7.6997284400e-01
1512 1.5110100000e+01 -3.6698948500e-03 -6.9172312070e-01
1513 1.5120100000e+01 3.2473363570e-03 4.9153137380e-01
1514 1.5130100000e+01 -1.6679773810e-03 -3.1902882360e-01
1515 1.5140100000e+01 1.5223108550e-03 -3.6917316050e-01
1516 1.5150100000e+01 5.2140424600e-03 6.8160272170e-01
1517 1.5160100000e+01 -1.6019847570e-03 2.6579114300e-02
1518 1.5170100000e+01 -1.8677759000e-03 -3.2363479380e-01
1519 1.5180100000e+01 1.3685720380e-03 -2.2718343880e-01
1520 1.5190100000e+01 3.6404064260e-03 1.5143363560e-01
1521 1.5200100000e+01 2.1260700700e-03 -3.0247279400e-01
1522 1.5210100000e+01 5.1507980100e-03 3.9148704100e-01
1523 1.5220100000e+01 1.2359276000e-03 2.0688079460e-01
1524 1.5230100000e+01 -8.3288034600e-04 -5.7533332160e-01
1525 1.5240100000e+01 4.9204528700e-03 3.2734151400e-01
1526 1.5250100000e+01 1.6470377300e-03 3.5714839980e-01
1527 1.5260100000e+01 -1.9244462680e-03 2.8451221220e-01
1528 1.5270100000e+01 -4.7695683900e-03 -5.1700078380e-01
1529 1.5280100000e+01 4.0043944800e-04 3.8549358980e-01
1530 1.5290100000e+01 -3.4544964500e-03 -3.0982842100e-01
1531 1.5300100000e+01 -3.5621224000e-04 2.4967207280e-01
1532 1.5310100000e+01 -2.8529329680e-03 -6.9591508380e-01
1533 1.5320100000e+01 4.1062178700e-03 4.9761496580e-01
1534 1.5330100000e+01 -8.6993178800e-04 -7.5555360800e-02
1535 1.5340100000e+01 -1.1437818000e-04 -1.4477324300e-01
1536 1.5350100000e+01 1.3333542500e-03 2.8855927000e-02
1537 1.5360100000e+01 1.0447949800e-03 4.9202409320e-01
1538 1.5370100000e+01 -3.8754459520e-03 -4.7064353220e-01
1539 1.5380100000e+01 8.3098937000e-04 -2.7572456600e-01
1540 1.5390100000e+01 3.5882350300e-03 5.8697081670e-01
1541 1.5400100000e+01 -2.2814731370e-03 1.7844361530e-01
1542 1.5410100000e+01 -4.0659092900e-03 -8.7365370000e-04
1543 1.5420100000e+01 -4.0571727530e-03 -1.8545071930e-01
1544 1.5430100000e+01 -2.2026655600e-03 1.5930106840e-01
1545 1.5440100000e+01 -3.7956762440e-03 -6.5305371540e-01
1546 1.5450100000e+01 2.7348609100e-03 2.5298967500e-01
1547 1.5460100000e+01 2.0496416000e-04 2.0077384530e-01
1548 1.5470100000e+01 -1.8027742930e-03 -1.1634086600e-02
1549 1.5480100000e+01 -1.6864334270e-03 -3.8403185700e-02
1550 1.5490100000e+01 -1.3024015700e-03 -0.0000000000e+00
