VOTCA
N 1550 R 0.000100 15.500000

1 1.0000000002e-04 3.0841245527e+03 1.0000000000e+03
2 1.0100000000e-02 3.0741245527e+03 1.0000000000e+03
3 2.0100000000e-02 3.0641245527e+03 1.0000000000e+03
4 3.0100000000e-02 3.0541245527e+03 1.0000000000e+03
5 4.0100000000e-02 3.0441245527e+03 1.0000000000e+03
6 5.0100000000e-02 3.0341245527e+03 1.0000000000e+03
7 6.0100000000e-02 3.0241245527e+03 1.0000000000e+03
8 7.0100000000e-02 3.0141245527e+03 1.0000000000e+03
9 8.0100000000e-02 3.0041245527e+03 1.0000000000e+03
10 9.0100000000e-02 2.9941245527e+03 1.0000000000e+03
11 1.0010000000e-01 2.9841245527e+03 1.0000000000e+03
12 1.1010000000e-01 2.9741245527e+03 1.0000000000e+03
13 1.2010000000e-01 2.9641245527e+03 1.0000000000e+03
14 1.3010000000e-01 2.9541245527e+03 1.0000000000e+03
15 1.4010000000e-01 2.9441245527e+03 1.0000000000e+03
16 1.5010000000e-01 2.9341245527e+03 1.0000000000e+03
17 1.6010000000e-01 2.9241245527e+03 1.0000000000e+03
18 1.7010000000e-01 2.9141245527e+03 1.0000000000e+03
19 1.8010000000e-01 2.9041245527e+03 1.0000000000e+03
20 1.9010000000e-01 2.8941245527e+03 1.0000000000e+03
21 2.0010000000e-01 2.8841245527e+03 1.0000000000e+03
22 2.1010000000e-01 2.8741245527e+03 1.0000000000e+03
23 2.2010000000e-01 2.8641245527e+03 1.0000000000e+03
24 2.3010000000e-01 2.8541245527e+03 1.0000000000e+03
25 2.4010000000e-01 2.8441245527e+03 1.0000000000e+03
26 2.5010000000e-01 2.8341245527e+03 1.0000000000e+03
27 2.6010000000e-01 2.8241245527e+03 1.0000000000e+03
28 2.7010000000e-01 2.8141245527e+03 1.0000000000e+03
29 2.8010000000e-01 2.8041245527e+03 1.0000000000e+03
30 2.9010000000e-01 2.7941245527e+03 1.0000000000e+03
31 3.0010000000e-01 2.7841245527e+03 1.0000000000e+03
32 3.1010000000e-01 2.7741245527e+03 1.0000000000e+03
33 3.2010000000e-01 2.7641245527e+03 1.0000000000e+03
34 3.3010000000e-01 2.7541245527e+03 1.0000000000e+03
35 3.4010000000e-01 2.7441245527e+03 1.0000000000e+03
36 3.5010000000e-01 2.7341245527e+03 1.0000000000e+03
37 3.6010000000e-01 2.7241245527e+03 1.0000000000e+03
38 3.7010000000e-01 2.7141245527e+03 1.0000000000e+03
39 3.8010000000e-01 2.7041245527e+03 1.0000000000e+03
40 3.9010000000e-01 2.6941245527e+03 1.0000000000e+03
41 4.0010000000e-01 2.6841245527e+03 1.0000000000e+03
42 4.1010000000e-01 2.6741245527e+03 1.0000000000e+03
43 4.2010000000e-01 2.6641245527e+03 1.0000000000e+03
44 4.3010000000e-01 2.6541245527e+03 1.0000000000e+03
45 4.4010000000e-01 2.6441245527e+03 1.0000000000e+03
46 4.5010000000e-01 2.6341245527e+03 1.0000000000e+03
47 4.6010000000e-01 2.6241245527e+03 1.0000000000e+03
48 4.7010000000e-01 2.6141245527e+03 1.0000000000e+03
49 4.8010000000e-01 2.6041245527e+03 1.0000000000e+03
50 4.9010000000e-01 2.5941245527e+03 1.0000000000e+03
51 5.0010000000e-01 2.5841245527e+03 1.0000000000e+03
52 5.1010000000e-01 2.5741245527e+03 1.0000000000e+03
53 5.2010000000e-01 2.5641245527e+03 1.0000000000e+03
54 5.3010000000e-01 2.5541245527e+03 1.0000000000e+03
55 5.4010000000e-01 2.5441245527e+03 1.0000000000e+03
56 5.5010000000e-01 2.5341245527e+03 1.0000000000e+03
57 5.6010000000e-01 2.5241245527e+03 1.0000000000e+03
58 5.7010000000e-01 2.5141245527e+03 1.0000000000e+03
59 5.8010000000e-01 2.5041245527e+03 1.0000000000e+03
60 5.9010000000e-01 2.4941245527e+03 1.0000000000e+03
61 6.0010000000e-01 2.4841245527e+03 1.0000000000e+03
62 6.1010000000e-01 2.4741245527e+03 1.0000000000e+03
63 6.2010000000e-01 2.4641245527e+03 1.0000000000e+03
64 6.3010000000e-01 2.4541245527e+03 1.0000000000e+03
65 6.4010000000e-01 2.4441245527e+03 1.0000000000e+03
66 6.5010000000e-01 2.4341245527e+03 1.0000000000e+03
67 6.6010000000e-01 2.4241245527e+03 1.0000000000e+03
68 6.7010000000e-01 2.4141245527e+03 1.0000000000e+03
69 6.8010000000e-01 2.4041245527e+03 1.0000000000e+03
70 6.9010000000e-01 2.3941245527e+03 1.0000000000e+03
71 7.0010000000e-01 2.3841245527e+03 1.0000000000e+03
72 7.1010000000e-01 2.3741245527e+03 1.0000000000e+03
73 7.2010000000e-01 2.3641245527e+03 1.0000000000e+03
74 7.3010000000e-01 2.3541245527e+03 1.0000000000e+03
75 7.4010000000e-01 2.3441245527e+03 1.0000000000e+03
76 7.5010000000e-01 2.3341245527e+03 1.0000000000e+03
77 7.6010000000e-01 2.3241245527e+03 1.0000000000e+03
78 7.7010000000e-01 2.3141245527e+03 1.0000000000e+03
79 7.8010000000e-01 2.3041245527e+03 1.0000000000e+03
80 7.9010000000e-01 2.2941245527e+03 1.0000000000e+03
81 8.0010000000e-01 2.2841245527e+03 1.0000000000e+03
82 8.1010000000e-01 2.2741245527e+03 1.0000000000e+03
83 8.2010000000e-01 2.2641245527e+03 1.0000000000e+03
84 8.3010000000e-01 2.2541245527e+03 1.0000000000e+03
85 8.4010000000e-01 2.2441245527e+03 1.0000000000e+03
86 8.5010000000e-01 2.2341245527e+03 1.0000000000e+03
87 8.6010000000e-01 2.2241245527e+03 1.0000000000e+03
88 8.7010000000e-01 2.2141245527e+03 1.0000000000e+03
89 8.8010000000e-01 2.2041245527e+03 1.0000000000e+03
90 8.9010000000e-01 2.1941245527e+03 1.0000000000e+03
91 9.0010000000e-01 2.1841245527e+03 1.0000000000e+03
92 9.1010000000e-01 2.1741245527e+03 1.0000000000e+03
93 9.2010000000e-01 2.1641245527e+03 1.0000000000e+03
94 9.3010000000e-01 2.1541245527e+03 1.0000000000e+03
95 9.4010000000e-01 2.1441245527e+03 1.0000000000e+03
96 9.5010000000e-01 2.1341245527e+03 1.0000000000e+03
97 9.6010000000e-01 2.1241245527e+03 1.0000000000e+03
98 9.7010000000e-01 2.1141245527e+03 1.0000000000e+03
99 9.8010000000e-01 2.1041245527e+03 1.0000000000e+03
100 9.9010000000e-01 2.0941245527e+03 1.0000000000e+03
101 1.0001000000e+00 2.0841245527e+03 1.0000000000e+03
102 1.0101000000e+00 2.0741245527e+03 1.0000000000e+03
103 1.0201000000e+00 2.0641245527e+03 1.0000000000e+03
104 1.0301000000e+00 2.0541245527e+03 1.0000000000e+03
105 1.0401000000e+00 2.0441245527e+03 1.0000000000e+03
106 1.0501000000e+00 2.0341245527e+03 1.0000000000e+03
107 1.0601000000e+00 2.0241245527e+03 1.0000000000e+03
108 1.0701000000e+00 2.0141245527e+03 1.0000000000e+03
109 1.0801000000e+00 2.0041245527e+03 1.0000000000e+03
110 1.0901000000e+00 1.9941245527e+03 1.0000000000e+03
111 1.1001000000e+00 1.9841245527e+03 1.0000000000e+03
112 1.1101000000e+00 1.9741245527e+03 1.0000000000e+03
113 1.1201000000e+00 1.9641245527e+03 1.0000000000e+03
114 1.1301000000e+00 1.9541245527e+03 1.0000000000e+03
115 1.1401000000e+00 1.9441245527e+03 1.0000000000e+03
116 1.1501000000e+00 1.9341245527e+03 1.0000000000e+03
117 1.1601000000e+00 1.9241245527e+03 1.0000000000e+03
118 1.1701000000e+00 1.9141245527e+03 1.0000000000e+03
119 1.1801000000e+00 1.9041245527e+03 1.0000000000e+03
120 1.1901000000e+00 1.8941245527e+03 1.0000000000e+03
121 1.2001000000e+00 1.8841245527e+03 1.0000000000e+03
122 1.2101000000e+00 1.8741245527e+03 1.0000000000e+03
123 1.2201000000e+00 1.8641245527e+03 1.0000000000e+03
124 1.2301000000e+00 1.8541245527e+03 1.0000000000e+03
125 1.2401000000e+00 1.8441245527e+03 1.0000000000e+03
126 1.2501000000e+00 1.8341245527e+03 1.0000000000e+03
127 1.2601000000e+00 1.8241245527e+03 1.0000000000e+03
128 1.2701000000e+00 1.8141245527e+03 1.0000000000e+03
129 1.2801000000e+00 1.8041245527e+03 1.0000000000e+03
130 1.2901000000e+00 1.7941245527e+03 1.0000000000e+03
131 1.3001000000e+00 1.7841245527e+03 1.0000000000e+03
132 1.3101000000e+00 1.7741245527e+03 1.0000000000e+03
133 1.3201000000e+00 1.7641245527e+03 1.0000000000e+03
134 1.3301000000e+00 1.7541245527e+03 1.0000000000e+03
135 1.3401000000e+00 1.7441245527e+03 1.0000000000e+03
136 1.3501000000e+00 1.7341245527e+03 1.0000000000e+03
137 1.3601000000e+00 1.7241245527e+03 1.0000000000e+03
138 1.3701000000e+00 1.7141245527e+03 1.0000000000e+03
139 1.3801000000e+00 1.7041245527e+03 1.0000000000e+03
140 1.3901000000e+00 1.6941245527e+03 1.0000000000e+03
141 1.4001000000e+00 1.6841245527e+03 1.0000000000e+03
142 1.4101000000e+00 1.6741245527e+03 1.0000000000e+03
143 1.4201000000e+00 1.6641245527e+03 1.0000000000e+03
144 1.4301000000e+00 1.6541245527e+03 1.0000000000e+03
145 1.4401000000e+00 1.6441245527e+03 1.0000000000e+03
146 1.4501000000e+00 1.6341245527e+03 1.0000000000e+03
147 1.4601000000e+00 1.6241245527e+03 1.0000000000e+03
148 1.4701000000e+00 1.6141245527e+03 1.0000000000e+03
149 1.4801000000e+00 1.6041245527e+03 1.0000000000e+03
150 1.4901000000e+00 1.5941245527e+03 1.0000000000e+03
151 1.5001000000e+00 1.5841245527e+03 1.0000000000e+03
152 1.5101000000e+00 1.5741245527e+03 1.0000000000e+03
153 1.5201000000e+00 1.5641245527e+03 1.0000000000e+03
154 1.5301000000e+00 1.5541245527e+03 1.0000000000e+03
155 1.5401000000e+00 1.5441245527e+03 1.0000000000e+03
156 1.5501000000e+00 1.5341245527e+03 1.0000000000e+03
157 1.5601000000e+00 1.5241245527e+03 1.0000000000e+03
158 1.5701000000e+00 1.5141245527e+03 1.0000000000e+03
159 1.5801000000e+00 1.5041245527e+03 1.0000000000e+03
160 1.5901000000e+00 1.4941245527e+03 1.0000000000e+03
161 1.6001000000e+00 1.4841245527e+03 1.0000000000e+03
162 1.6101000000e+00 1.4741245527e+03 1.0000000000e+03
163 1.6201000000e+00 1.4641245527e+03 1.0000000000e+03
164 1.6301000000e+00 1.4541245527e+03 1.0000000000e+03
165 1.6401000000e+00 1.4441245527e+03 1.0000000000e+03
166 1.6501000000e+00 1.4341245527e+03 1.0000000000e+03
167 1.6601000000e+00 1.4241245527e+03 1.0000000000e+03
168 1.6701000000e+00 1.4141245527e+03 1.0000000000e+03
169 1.6801000000e+00 1.4041245527e+03 1.0000000000e+03
170 1.6901000000e+00 1.3941245527e+03 1.0000000000e+03
171 1.7001000000e+00 1.3841245527e+03 1.0000000000e+03
172 1.7101000000e+00 1.3741245527e+03 1.0000000000e+03
173 1.7201000000e+00 1.3641245527e+03 1.0000000000e+03
174 1.7301000000e+00 1.3541245527e+03 1.0000000000e+03
175 1.7401000000e+00 1.3441245527e+03 1.0000000000e+03
176 1.7501000000e+00 1.3341245527e+03 1.0000000000e+03
177 1.7601000000e+00 1.3241245527e+03 1.0000000000e+03
178 1.7701000000e+00 1.3141245527e+03 1.0000000000e+03
179 1.7801000000e+00 1.3041245527e+03 1.0000000000e+03
180 1.7901000000e+00 1.2941245527e+03 1.0000000000e+03
181 1.8001000000e+00 1.2841245527e+03 1.0000000000e+03
182 1.8101000000e+00 1.2741245527e+03 1.0000000000e+03
183 1.8201000000e+00 1.2641245527e+03 1.0000000000e+03
184 1.8301000000e+00 1.2541245527e+03 1.0000000000e+03
185 1.8401000000e+00 1.2441245527e+03 1.0000000000e+03
186 1.8501000000e+00 1.2341245527e+03 1.0000000000e+03
187 1.8601000000e+00 1.2241245527e+03 1.0000000000e+03
188 1.8701000000e+00 1.2141245527e+03 1.0000000000e+03
189 1.8801000000e+00 1.2041245527e+03 1.0000000000e+03
190 1.8901000000e+00 1.1941245527e+03 1.0000000000e+03
191 1.9001000000e+00 1.1841245527e+03 1.0000000000e+03
192 1.9101000000e+00 1.1741245527e+03 1.0000000000e+03
193 1.9201000000e+00 1.1641245527e+03 1.0000000000e+03
194 1.9301000000e+00 1.1541245527e+03 1.0000000000e+03
195 1.9401000000e+00 1.1441245527e+03 1.0000000000e+03
196 1.9501000000e+00 1.1341245527e+03 1.0000000000e+03
197 1.9601000000e+00 1.1241245527e+03 1.0000000000e+03
198 1.9701000000e+00 1.1141245527e+03 1.0000000000e+03
199 1.9801000000e+00 1.1041245527e+03 1.0000000000e+03
200 1.9901000000e+00 1.0941245527e+03 1.0000000000e+03
201 2.0001000000e+00 1.0841245527e+03 1.0000000000e+03
202 2.0101000000e+00 1.0741245527e+03 1.0000000000e+03
203 2.0201000000e+00 1.0641245527e+03 1.0000000000e+03
204 2.0301000000e+00 1.0541245527e+03 1.0000000000e+03
205 2.0401000000e+00 1.0441245527e+03 1.0000000000e+03
206 2.0501000000e+00 1.0341245527e+03 1.0000000000e+03
207 2.0601000000e+00 1.0241245527e+03 1.0000000000e+03
208 2.0701000000e+00 1.0141245527e+03 1.0000000000e+03
209 2.0801000000e+00 1.0041245527e+03 1.0000000000e+03
210 2.0901000000e+00 9.9412455272e+02 1.0000000000e+03
211 2.1001000000e+00 9.8412455272e+02 1.0000000000e+03
212 2.1101000000e+00 9.7412455272e+02 1.0000000000e+03
213 2.1201000000e+00 9.6412455272e+02 1.0000000000e+03
214 2.1301000000e+00 9.5412455272e+02 1.0000000000e+03
215 2.1401000000e+00 9.4412455272e+02 1.0000000000e+03
216 2.1501000000e+00 9.3412455272e+02 1.0000000000e+03
217 2.1601000000e+00 9.2412455272e+02 1.0000000000e+03
218 2.1701000000e+00 9.1412455272e+02 1.0000000000e+03
219 2.1801000000e+00 9.0412455272e+02 1.0000000000e+03
220 2.1901000000e+00 8.9412455272e+02 1.0000000000e+03
221 2.2001000000e+00 8.8412455272e+02 1.0000000000e+03
222 2.2101000000e+00 8.7412455272e+02 1.0000000000e+03
223 2.2201000000e+00 8.6412455272e+02 1.0000000000e+03
224 2.2301000000e+00 8.5412455272e+02 1.0000000000e+03
225 2.2401000000e+00 8.4412455272e+02 1.0000000000e+03
226 2.2501000000e+00 8.3412455272e+02 1.0000000000e+03
227 2.2601000000e+00 8.2412455272e+02 1.0000000000e+03
228 2.2701000000e+00 8.1412455272e+02 1.0000000000e+03
229 2.2801000000e+00 8.0412455272e+02 1.0000000000e+03
230 2.2901000000e+00 7.9412455272e+02 1.0000000000e+03
231 2.3001000000e+00 7.8412455272e+02 1.0000000000e+03
232 2.3101000000e+00 7.7412455272e+02 1.0000000000e+03
233 2.3201000000e+00 7.6412455272e+02 1.0000000000e+03
234 2.3301000000e+00 7.5412455272e+02 1.0000000000e+03
235 2.3401000000e+00 7.4412455272e+02 1.0000000000e+03
236 2.3501000000e+00 7.3412455272e+02 1.0000000000e+03
237 2.3601000000e+00 7.2412455272e+02 1.0000000000e+03
238 2.3701000000e+00 7.1412455272e+02 1.0000000000e+03
239 2.3801000000e+00 7.0412455272e+02 1.0000000000e+03
240 2.3901000000e+00 6.9412455272e+02 1.0000000000e+03
241 2.4001000000e+00 6.8412455272e+02 1.0000000000e+03
242 2.4101000000e+00 6.7412455272e+02 1.0000000000e+03
243 2.4201000000e+00 6.6412455272e+02 1.0000000000e+03
244 2.4301000000e+00 6.5412455272e+02 1.0000000000e+03
245 2.4401000000e+00 6.4412455272e+02 1.0000000000e+03
246 2.4501000000e+00 6.3412455272e+02 1.0000000000e+03
247 2.4601000000e+00 6.2412455272e+02 1.0000000000e+03
248 2.4701000000e+00 6.1412455272e+02 1.0000000000e+03
249 2.4801000000e+00 6.0412455272e+02 1.0000000000e+03
250 2.4901000000e+00 5.9412455272e+02 1.0000000000e+03
251 2.5001000000e+00 5.8412455272e+02 1.0000000000e+03
252 2.5101000000e+00 5.7412455272e+02 1.0000000000e+03
253 2.5201000000e+00 5.6412455272e+02 1.0000000000e+03
254 2.5301000000e+00 5.5412455272e+02 1.0000000000e+03
255 2.5401000000e+00 5.4412455272e+02 1.0000000000e+03
256 2.5501000000e+00 5.3412455272e+02 1.0000000000e+03
257 2.5601000000e+00 5.2412455272e+02 1.0000000000e+03
258 2.5701000000e+00 5.1412455272e+02 1.0000000000e+03
259 2.5801000000e+00 5.0412455272e+02 1.0000000000e+03
260 2.5901000000e+00 4.9412455272e+02 1.0000000000e+03
261 2.6001000000e+00 4.8412455272e+02 1.0000000000e+03
262 2.6101000000e+00 4.7412455272e+02 1.0000000000e+03
263 2.6201000000e+00 4.6412455272e+02 1.0000000000e+03
264 2.6301000000e+00 4.5412455272e+02 1.0000000000e+03
265 2.6401000000e+00 4.4412455272e+02 1.0000000000e+03
266 2.6501000000e+00 4.3412455272e+02 1.0000000000e+03
267 2.6601000000e+00 4.2412455272e+02 1.0000000000e+03
268 2.6701000000e+00 4.1412455272e+02 1.0000000000e+03
269 2.6801000000e+00 4.0412455272e+02 1.0000000000e+03
270 2.6901000000e+00 3.9412455272e+02 1.0000000000e+03
271 2.7001000000e+00 3.8412455272e+02 1.0000000000e+03
272 2.7101000000e+00 3.7412455272e+02 1.0000000000e+03
273 2.7201000000e+00 3.6412455272e+02 1.0000000000e+03
274 2.7301000000e+00 3.5412455272e+02 1.0000000000e+03
275 2.7401000000e+00 3.4412455272e+02 1.0000000000e+03
276 2.7501000000e+00 3.3412455272e+02 1.0000000000e+03
277 2.7601000000e+00 3.2412455272e+02 1.0000000000e+03
278 2.7701000000e+00 3.1412455272e+02 1.0000000000e+03
279 2.7801000000e+00 3.0412455272e+02 1.0000000000e+03
280 2.7901000000e+00 2.9412455272e+02 1.0000000000e+03
281 2.8001000000e+00 2.8412455272e+02 1.0000000000e+03
282 2.8101000000e+00 2.7412455272e+02 1.0000000000e+03
283 2.8201000000e+00 2.6412455272e+02 1.0000000000e+03
284 2.8301000000e+00 2.5412455272e+02 1.0000000000e+03
285 2.8401000000e+00 2.4412455272e+02 1.0000000000e+03
286 2.8501000000e+00 2.3412455272e+02 1.0000000000e+03
287 2.8601000000e+00 2.2412455272e+02 1.0000000000e+03
288 2.8701000000e+00 2.1412455272e+02 1.0000000000e+03
289 2.8801000000e+00 2.0412455272e+02 1.0000000000e+03
290 2.8901000000e+00 1.9412455272e+02 1.0000000000e+03
291 2.9001000000e+00 1.8412455272e+02 1.0000000000e+03
292 2.9101000000e+00 1.7412455272e+02 1.0000000000e+03
293 2.9201000000e+00 1.6412455272e+02 1.0000000000e+03
294 2.9301000000e+00 1.5412455272e+02 1.0000000000e+03
295 2.9401000000e+00 1.4412455272e+02 1.0000000000e+03
296 2.9501000000e+00 1.3412455272e+02 1.0000000000e+03
297 2.9601000000e+00 1.2412455272e+02 1.0000000000e+03
298 2.9701000000e+00 1.1412455272e+02 1.0000000000e+03
299 2.9801000000e+00 1.0412455272e+02 1.0000000000e+03
300 2.9901000000e+00 9.4124552720e+01 1.0000000000e+03
301 3.0001000000e+00 8.4124552720e+01 2.2710136000e+02
302 3.0101000000e+00 8.1853539120e+01 2.6133497000e+02
303 3.0201000000e+00 7.9240189420e+01 1.0141026000e+02
304 3.0301000000e+00 7.8226086820e+01 1.3309718000e+02
305 3.0401000000e+00 7.6895115020e+01 1.6828864000e+02
306 3.0501000000e+00 7.5212228620e+01 1.9950088000e+02
307 3.0601000000e+00 7.3217219820e+01 4.7581300000e+00
308 3.0701000000e+00 7.3169638520e+01 1.9791821000e+02
309 3.0801000000e+00 7.1190456420e+01 1.4590694000e+02
310 3.0901000000e+00 6.9731387020e+01 1.0674482000e+02
311 3.1001000000e+00 6.8663938820e+01 2.9036180000e+02
312 3.1101000000e+00 6.5760320820e+01 9.7512770000e+01
313 3.1201000000e+00 6.4785193120e+01 2.3712172000e+02
314 3.1301000000e+00 6.2413975920e+01 6.2099300000e+01
315 3.1401000000e+00 6.1792982920e+01 2.1708164000e+02
316 3.1501000000e+00 5.9622166520e+01 7.5565710000e+01
317 3.1601000000e+00 5.8866509420e+01 9.3343030000e+01
318 3.1701000000e+00 5.7933079120e+01 2.0698851000e+02
319 3.1801000000e+00 5.5863194020e+01 3.8458280000e+01
320 3.1901000000e+00 5.5478611220e+01 9.3365200000e+01
321 3.2001000000e+00 5.4544959220e+01 1.0798224000e+02
322 3.2101000000e+00 5.3465136820e+01 1.8386724000e+02
323 3.2201000000e+00 5.1626464420e+01 -1.0321553000e+02
324 3.2301000000e+00 5.2658619720e+01 2.9104330000e+02
325 3.2401000000e+00 4.9748186720e+01 1.1883626000e+02
326 3.2501000000e+00 4.8559824120e+01 -3.6550700000e+01
327 3.2601000000e+00 4.8925331120e+01 1.7014798000e+02
328 3.2701000000e+00 4.7223851320e+01 2.0523343000e+02
329 3.2801000000e+00 4.5171517020e+01 4.2303280000e+01
330 3.2901000000e+00 4.4748484220e+01 3.1130670000e+01
331 3.3001000000e+00 4.4437177520e+01 7.7869460000e+01
332 3.3101000000e+00 4.3658482920e+01 1.3558075000e+02
333 3.3201000000e+00 4.2302675420e+01 8.6141280000e+01
334 3.3301000000e+00 4.1441262620e+01 9.7993200000e+01
335 3.3401000000e+00 4.0461330620e+01 7.2564910000e+01
336 3.3501000000e+00 3.9735681520e+01 1.0267501000e+02
337 3.3601000000e+00 3.8708931420e+01 2.0467320000e+01
338 3.3701000000e+00 3.8504258220e+01 1.6143025000e+02
339 3.3801000000e+00 3.6889955720e+01 -4.4646830000e+01
340 3.3901000000e+00 3.7336424020e+01 4.9998120000e+01
341 3.4001000000e+00 3.6836442820e+01 1.4024023000e+02
342 3.4101000000e+00 3.5434040520e+01 4.4508130000e+01
343 3.4201000000e+00 3.4988959220e+01 1.5024919000e+02
344 3.4301000000e+00 3.3486467320e+01 4.9933040000e+01
345 3.4401000000e+00 3.2987136920e+01 4.8298960000e+01
346 3.4501000000e+00 3.2504147320e+01 -1.1344200000e+01
347 3.4601000000e+00 3.2617589320e+01 6.9526010000e+01
348 3.4701000000e+00 3.1922329220e+01 6.4235210000e+01
349 3.4801000000e+00 3.1279977120e+01 6.2972170000e+01
350 3.4901000000e+00 3.0650255420e+01 8.8610510000e+01
351 3.5001000000e+00 2.9764150320e+01 1.9944880000e+01
352 3.5101000000e+00 2.9564701520e+01 8.0718010000e+01
353 3.5201000000e+00 2.8757521420e+01 5.5223630000e+01
354 3.5301000000e+00 2.8205285120e+01 4.9603770000e+01
355 3.5401000000e+00 2.7709247420e+01 6.7909810000e+01
356 3.5501000000e+00 2.7030149320e+01 -2.2413060000e+01
357 3.5601000000e+00 2.7254279920e+01 7.9530950000e+01
358 3.5701000000e+00 2.6458970420e+01 7.0744100000e+01
359 3.5801000000e+00 2.5751529420e+01 1.0633585000e+02
360 3.5901000000e+00 2.4688170920e+01 -2.9922560000e+01
361 3.6001000000e+00 2.4987396520e+01 4.2488640000e+01
362 3.6101000000e+00 2.4562510120e+01 2.8754140000e+01
363 3.6201000000e+00 2.4274968720e+01 1.0458202000e+02
364 3.6301000000e+00 2.3229148520e+01 -6.2539100000e+00
365 3.6401000000e+00 2.3291687620e+01 2.4779580000e+01
366 3.6501000000e+00 2.3043891820e+01 6.3781280000e+01
367 3.6601000000e+00 2.2406079020e+01 3.6133600000e+01
368 3.6701000000e+00 2.2044743020e+01 7.2805440000e+01
369 3.6801000000e+00 2.1316688620e+01 6.1658100000e+00
370 3.6901000000e+00 2.1255030520e+01 6.0192700000e+00
371 3.7001000000e+00 2.1194837820e+01 7.2588110000e+01
372 3.7101000000e+00 2.0468956720e+01 1.8673940000e+01
373 3.7201000000e+00 2.0282217320e+01 3.2167460000e+01
374 3.7301000000e+00 1.9960542720e+01 2.6088300000e+00
375 3.7401000000e+00 1.9934454420e+01 2.6426830000e+01
376 3.7501000000e+00 1.9670186120e+01 5.5834500000e+01
377 3.7601000000e+00 1.9111841120e+01 2.4772805000e+01
378 3.7701000000e+00 1.8864113070e+01 5.7038450000e+00
379 3.7801000000e+00 1.8807074620e+01 4.2720440000e+01
380 3.7901000000e+00 1.8379870220e+01 3.5034060000e+01
381 3.8001000000e+00 1.8029529620e+01 7.8499400000e+00
382 3.8101000000e+00 1.7951030220e+01 6.0889740000e+01
383 3.8201000000e+00 1.7342132820e+01 1.0984200000e+00
384 3.8301000000e+00 1.7331148620e+01 3.0684380000e+01
385 3.8401000000e+00 1.7024304820e+01 -1.1412500000e+00
386 3.8501000000e+00 1.7035717320e+01 3.2936325000e+01
387 3.8601000000e+00 1.6706354070e+01 3.8815350000e+00
388 3.8701000000e+00 1.6667538720e+01 5.3087430000e+01
389 3.8801000000e+00 1.6136664420e+01 9.9035300000e+00
390 3.8901000000e+00 1.6037629120e+01 2.1782780000e+01
391 3.9001000000e+00 1.5819801320e+01 4.9517820000e+01
392 3.9101000000e+00 1.5324623120e+01 1.3673930000e+01
393 3.9201000000e+00 1.5187883820e+01 1.6133620000e+01
394 3.9301000000e+00 1.5026547620e+01 -1.5475520000e+01
395 3.9401000000e+00 1.5181302820e+01 5.4251670000e+01
396 3.9501000000e+00 1.4638786120e+01 3.1037490000e+01
397 3.9601000000e+00 1.4328411220e+01 -5.7333000000e-01
398 3.9701000000e+00 1.4334144520e+01 4.5428310000e+01
399 3.9801000000e+00 1.3879861420e+01 1.4195935000e+01
400 3.9901000000e+00 1.3737902070e+01 3.1618745000e+01
401 4.0001000000e+00 1.3421714620e+01 2.7112200000e+01
402 4.0101000000e+00 1.3150592620e+01 3.6390395000e+01
403 4.0201000000e+00 1.2786688670e+01 1.6671950000e+00
404 4.0301000000e+00 1.2770016720e+01 3.9836360000e+01
405 4.0401000000e+00 1.2371653120e+01 1.5746935000e+01
406 4.0501000000e+00 1.2214183770e+01 2.0179855000e+01
407 4.0601000000e+00 1.2012385220e+01 2.2411525000e+01
408 4.0701000000e+00 1.1788269970e+01 5.3800950000e+00
409 4.0801000000e+00 1.1734469020e+01 1.9748540000e+01
410 4.0901000000e+00 1.1536983620e+01 1.7090541000e+01
411 4.1001000000e+00 1.1366078210e+01 2.6985204000e+01
412 4.1101000000e+00 1.1096226170e+01 2.6433105000e+01
413 4.1201000000e+00 1.0831895120e+01 4.5972013000e+01
414 4.1301000000e+00 1.0372174990e+01 4.9849165000e+01
415 4.1401000000e+00 9.8736833400e+00 2.4299037000e+01
416 4.1501000000e+00 9.6306929700e+00 2.5373679000e+01
417 4.1601000000e+00 9.3769561800e+00 2.8680876000e+01
418 4.1701000000e+00 9.0901474200e+00 3.3084877000e+01
419 4.1801000000e+00 8.7592986500e+00 8.0086800000e+00
420 4.1901000000e+00 8.6792118500e+00 2.9528978000e+01
421 4.2001000000e+00 8.3839220700e+00 2.3471834000e+01
422 4.2101000000e+00 8.1492037300e+00 2.4573944000e+01
423 4.2201000000e+00 7.9034642900e+00 1.7465036000e+01
424 4.2301000000e+00 7.7288139300e+00 1.9211881000e+01
425 4.2401000000e+00 7.5366951200e+00 8.6005990000e+00
426 4.2501000000e+00 7.4506891300e+00 2.3941540000e+01
427 4.2601000000e+00 7.2112737300e+00 1.2818061000e+01
428 4.2701000000e+00 7.0830931200e+00 1.4649638000e+01
429 4.2801000000e+00 6.9365967400e+00 1.6174062000e+01
430 4.2901000000e+00 6.7748561200e+00 1.4759323000e+01
431 4.3001000000e+00 6.6272628900e+00 2.3649053000e+01
432 4.3101000000e+00 6.3907723600e+00 8.8251260000e+00
433 4.3201000000e+00 6.3025211000e+00 7.5424900000e+00
434 4.3301000000e+00 6.2270962000e+00 -1.9442080000e+00
435 4.3401000000e+00 6.2465382800e+00 1.4084780000e+01
436 4.3501000000e+00 6.1056904800e+00 9.2696570000e+00
437 4.3601000000e+00 6.0129939100e+00 9.7976740000e+00
438 4.3701000000e+00 5.9150171700e+00 1.1345520000e+01
439 4.3801000000e+00 5.8015619700e+00 -5.4207800000e+00
440 4.3901000000e+00 5.8557697700e+00 1.5753679000e+01
441 4.4001000000e+00 5.6982329800e+00 2.9720150000e+00
442 4.4101000000e+00 5.6685128300e+00 8.7453630000e+00
443 4.4201000000e+00 5.5810592000e+00 7.8748630000e+00
444 4.4301000000e+00 5.5023105700e+00 1.2511806000e+01
445 4.4401000000e+00 5.3771925100e+00 2.5890360000e+00
446 4.4501000000e+00 5.3513021500e+00 9.8420420000e+00
447 4.4601000000e+00 5.2528817300e+00 4.9095780000e+00
448 4.4701000000e+00 5.2037859500e+00 1.3923136000e+01
449 4.4801000000e+00 5.0645545900e+00 7.8743890000e+00
450 4.4901000000e+00 4.9858107000e+00 6.5554930000e+00
451 4.5001000000e+00 4.9202557700e+00 7.1517010000e+00
452 4.5101000000e+00 4.8487387600e+00 9.8604880000e+00
453 4.5201000000e+00 4.7501338800e+00 1.1278724000e+01
454 4.5301000000e+00 4.6373466400e+00 3.5114170000e+00
455 4.5401000000e+00 4.6022324700e+00 -6.5761100000e-01
456 4.5501000000e+00 4.6088085800e+00 1.9710732000e+01
457 4.5601000000e+00 4.4117012600e+00 8.3617570000e+00
458 4.5701000000e+00 4.3280836900e+00 1.7855200000e-01
459 4.5801000000e+00 4.3262981700e+00 8.4877250000e+00
460 4.5901000000e+00 4.2414209200e+00 9.1718490000e+00
461 4.6001000000e+00 4.1497024300e+00 6.9418920000e+00
462 4.6101000000e+00 4.0802835100e+00 3.7809100000e+00
463 4.6201000000e+00 4.0424744100e+00 3.5097960000e+00
464 4.6301000000e+00 4.0073764500e+00 6.8177600000e+00
465 4.6401000000e+00 3.9391988500e+00 6.7277140000e+00
466 4.6501000000e+00 3.8719217100e+00 5.8859000000e-02
467 4.6601000000e+00 3.8713331200e+00 1.1433676000e+01
468 4.6701000000e+00 3.7569963600e+00 3.1400880000e+00
469 4.6801000000e+00 3.7255954800e+00 4.7491800000e-01
470 4.6901000000e+00 3.7208463000e+00 6.6565850000e+00
471 4.7001000000e+00 3.6542804500e+00 9.8060350000e+00
472 4.7101000000e+00 3.5562201000e+00 3.7193290000e+00
473 4.7201000000e+00 3.5190268100e+00 2.3426050000e+00
474 4.7301000000e+00 3.4956007600e+00 1.3019500000e+00
475 4.7401000000e+00 3.4825812600e+00 6.2901960000e+00
476 4.7501000000e+00 3.4196793000e+00 8.5175060000e+00
477 4.7601000000e+00 3.3345042400e+00 5.5104890000e+00
478 4.7701000000e+00 3.2793993500e+00 5.7780660000e+00
479 4.7801000000e+00 3.2216186900e+00 4.5908440000e+00
480 4.7901000000e+00 3.1757102500e+00 7.4576900000e-01
481 4.8001000000e+00 3.1682525600e+00 6.2283460000e+00
482 4.8101000000e+00 3.1059691000e+00 2.9167890000e+00
483 4.8201000000e+00 3.0768012100e+00 7.4893910000e+00
484 4.8301000000e+00 3.0019073000e+00 4.2467930000e+00
485 4.8401000000e+00 2.9594393700e+00 5.2349910000e+00
486 4.8501000000e+00 2.9070894600e+00 3.8802950000e+00
487 4.8601000000e+00 2.8682865100e+00 3.2034160000e+00
488 4.8701000000e+00 2.8362523500e+00 1.4297980000e+00
489 4.8801000000e+00 2.8219543700e+00 9.3820250000e+00
490 4.8901000000e+00 2.7281341200e+00 2.9339620000e+00
491 4.9001000000e+00 2.6987945000e+00 6.8024300000e-01
492 4.9101000000e+00 2.6919920700e+00 8.0368070000e+00
493 4.9201000000e+00 2.6116240000e+00 3.7518720000e+00
494 4.9301000000e+00 2.5741052800e+00 3.7467720000e+00
495 4.9401000000e+00 2.5366375600e+00 2.6269550000e+00
496 4.9501000000e+00 2.5103680100e+00 4.3994690000e+00
497 4.9601000000e+00 2.4663733200e+00 1.4943770000e+00
498 4.9701000000e+00 2.4514295500e+00 7.8818850000e+00
499 4.9801000000e+00 2.3726107000e+00 -1.6601870000e+00
500 4.9901000000e+00 2.3892125700e+00 -0.0000000000e+00
501 5.0001000000e+00 2.3892125700e+00 1.6939880000e+00
502 5.0101000000e+00 2.3722726900e+00 4.9273030000e+00
503 5.0201000000e+00 2.3229996600e+00 -2.3072700000e+00
504 5.0301000000e+00 2.3460723600e+00 4.0598320000e+00
505 5.0401000000e+00 2.3054740400e+00 2.5921510000e+00
506 5.0501000000e+00 2.2795525300e+00 4.1014830000e+00
507 5.0601000000e+00 2.2385377000e+00 1.4237990000e+00
508 5.0701000000e+00 2.2242997100e+00 2.8808540000e+00
509 5.0801000000e+00 2.1954911700e+00 3.7941880000e+00
510 5.0901000000e+00 2.1575492900e+00 2.3766860000e+00
511 5.1001000000e+00 2.1337824300e+00 1.7901280000e+00
512 5.1101000000e+00 2.1158811500e+00 3.9509000000e+00
513 5.1201000000e+00 2.0763721500e+00 9.2270700000e-01
514 5.1301000000e+00 2.0671450800e+00 4.8118750000e+00
515 5.1401000000e+00 2.0190263300e+00 2.5275290000e+00
516 5.1501000000e+00 1.9937510400e+00 2.3121300000e+00
517 5.1601000000e+00 1.9706297400e+00 3.7279200000e+00
518 5.1701000000e+00 1.9333505400e+00 2.5219490000e+00
519 5.1801000000e+00 1.9081310500e+00 4.6407990000e+00
520 5.1901000000e+00 1.8617230600e+00 1.1477720000e+00
521 5.2001000000e+00 1.8502453400e+00 3.2072370000e+00
522 5.2101000000e+00 1.8181729700e+00 3.1321410000e+00
523 5.2201000000e+00 1.7868515600e+00 8.8589100000e-01
524 5.2301000000e+00 1.7779926500e+00 2.2371100000e+00
525 5.2401000000e+00 1.7556215500e+00 3.6315670000e+00
526 5.2501000000e+00 1.7193058800e+00 2.5255270000e+00
527 5.2601000000e+00 1.6940506100e+00 3.6011740000e+00
528 5.2701000000e+00 1.6580388700e+00 1.9273400000e+00
529 5.2801000000e+00 1.6387654700e+00 1.9841130000e+00
530 5.2901000000e+00 1.6189243400e+00 4.3146570000e+00
531 5.3001000000e+00 1.5757777700e+00 1.9423660000e+00
532 5.3101000000e+00 1.5563541100e+00 2.1510090000e+00
533 5.3201000000e+00 1.5348440200e+00 4.7008720000e+00
534 5.3301000000e+00 1.4878353000e+00 5.0709200000e-01
535 5.3401000000e+00 1.4827643800e+00 4.1434110000e+00
536 5.3501000000e+00 1.4413302700e+00 4.3874930000e+00
537 5.3601000000e+00 1.3974553400e+00 2.3568880000e+00
538 5.3701000000e+00 1.3738864600e+00 3.3526830000e+00
539 5.3801000000e+00 1.3403596300e+00 3.0061930000e+00
540 5.3901000000e+00 1.3102977000e+00 1.9740350000e+00
541 5.4001000000e+00 1.2905573500e+00 3.0416540000e+00
542 5.4101000000e+00 1.2601408100e+00 1.9476430000e+00
543 5.4201000000e+00 1.2406643800e+00 2.6433624000e+00
544 5.4301000000e+00 1.2142307560e+00 2.9101556000e+00
545 5.4401000000e+00 1.1851292000e+00 2.8968730000e+00
546 5.4501000000e+00 1.1561604700e+00 2.1569250000e+00
547 5.4601000000e+00 1.1345912200e+00 1.9819114000e+00
548 5.4701000000e+00 1.1147721060e+00 3.1174836000e+00
549 5.4801000000e+00 1.0835972700e+00 2.3172848000e+00
550 5.4901000000e+00 1.0604244220e+00 2.9290063000e+00
551 5.5001000000e+00 1.0311343590e+00 2.1392729000e+00
552 5.5101000000e+00 1.0097416300e+00 1.9229556000e+00
553 5.5201000000e+00 9.9051207400e-01 2.2531659000e+00
554 5.5301000000e+00 9.6798041500e-01 3.1842094000e+00
555 5.5401000000e+00 9.3613832100e-01 2.3507217000e+00
556 5.5501000000e+00 9.1263110400e-01 3.3466239000e+00
557 5.5601000000e+00 8.7916486500e-01 1.7892421000e+00
558 5.5701000000e+00 8.6127244400e-01 1.6735139000e+00
559 5.5801000000e+00 8.4453730500e-01 4.5469703000e+00
560 5.5901000000e+00 7.9906760200e-01 4.9969420000e-01
561 5.6001000000e+00 7.9407066000e-01 1.6683560000e+00
562 5.6101000000e+00 7.7738710000e-01 2.7247550000e+00
563 5.6201000000e+00 7.5013955000e-01 1.9841290000e+00
564 5.6301000000e+00 7.3029826000e-01 1.7739746000e+00
565 5.6401000000e+00 7.1255851400e-01 4.5882013000e+00
566 5.6501000000e+00 6.6667650100e-01 9.2558390000e-01
567 5.6601000000e+00 6.5742066200e-01 2.5134093000e+00
568 5.6701000000e+00 6.3228656900e-01 3.2592845000e+00
569 5.6801000000e+00 5.9969372400e-01 2.6629477000e+00
570 5.6901000000e+00 5.7306424700e-01 2.1779936000e+00
571 5.7001000000e+00 5.5128431100e-01 6.8733760000e-01
572 5.7101000000e+00 5.4441093500e-01 3.5413352000e+00
573 5.7201000000e+00 5.0899758300e-01 7.7408090000e-01
574 5.7301000000e+00 5.0125677400e-01 3.2815850000e+00
575 5.7401000000e+00 4.6844092400e-01 3.0480144000e+00
576 5.7501000000e+00 4.3796078000e-01 1.9344270000e+00
577 5.7601000000e+00 4.1861651000e-01 1.5259507000e+00
578 5.7701000000e+00 4.0335700300e-01 2.1238066000e+00
579 5.7801000000e+00 3.8211893700e-01 2.3665788000e+00
580 5.7901000000e+00 3.5845314900e-01 1.0228890000e+00
581 5.8001000000e+00 3.4822425900e-01 2.4621233000e+00
582 5.8101000000e+00 3.2360302600e-01 2.9862895400e+00
583 5.8201000000e+00 2.9374013060e-01 4.8370146000e-01
584 5.8301000000e+00 2.8890311600e-01 3.3811493200e+00
585 5.8401000000e+00 2.5509162280e-01 1.8004349860e+00
586 5.8501000000e+00 2.3708727294e-01 2.2843194740e+00
587 5.8601000000e+00 2.1424407820e-01 1.8953639700e+00
588 5.8701000000e+00 1.9529043850e-01 1.8516341800e+00
589 5.8801000000e+00 1.7677409670e-01 1.6958190300e+00
590 5.8901000000e+00 1.5981590640e-01 1.7729607850e+00
591 5.9001000000e+00 1.4208629855e-01 2.9983199490e+00
592 5.9101000000e+00 1.1210309906e-01 1.7210110660e+00
593 5.9201000000e+00 9.4892988400e-02 2.3194286500e+00
594 5.9301000000e+00 7.1698701900e-02 8.8361853000e-01
595 5.9401000000e+00 6.2862516600e-02 2.2666609500e+00
596 5.9501000000e+00 4.0195907100e-02 1.3476446400e+00
597 5.9601000000e+00 2.6719460700e-02 2.3984180630e+00
598 5.9701000000e+00 2.7352800700e-03 2.0883102970e+00
599 5.9801000000e+00 -1.8147822900e-02 3.2044378300e+00
600 5.9901000000e+00 -5.0192201200e-02 1.2759835500e+00
601 6.0001000000e+00 -6.2952036700e-02 2.0521447990e+00
602 6.0101000000e+00 -8.3473484690e-02 1.7504355980e+00
603 6.0201000000e+00 -1.0097784067e-01 2.0325088680e+00
604 6.0301000000e+00 -1.2130292935e-01 1.7751188630e+00
605 6.0401000000e+00 -1.3905411798e-01 1.1189218020e+00
606 6.0501000000e+00 -1.5024333600e-01 3.3249976000e+00
607 6.0601000000e+00 -1.8349331200e-01 1.9537288200e+00
608 6.0701000000e+00 -2.0303060020e-01 1.1127758100e+00
609 6.0801000000e+00 -2.1415835830e-01 2.2092119700e+00
610 6.0901000000e+00 -2.3625047800e-01 8.2953890000e-01
611 6.1001000000e+00 -2.4454586700e-01 2.4208387000e+00
612 6.1101000000e+00 -2.6875425400e-01 1.6345671000e+00
613 6.1201000000e+00 -2.8509992500e-01 3.3327592000e+00
614 6.1301000000e+00 -3.1842751700e-01 -5.4736770000e-01
615 6.1401000000e+00 -3.1295384000e-01 2.5574495000e+00
616 6.1501000000e+00 -3.3852833500e-01 1.3607995000e+00
617 6.1601000000e+00 -3.5213633000e-01 2.1053854000e+00
618 6.1701000000e+00 -3.7319018400e-01 1.7469561000e+00
619 6.1801000000e+00 -3.9065974500e-01 1.8971089000e+00
620 6.1901000000e+00 -4.0963083400e-01 1.3141852000e+00
621 6.2001000000e+00 -4.2277268600e-01 1.5430886000e+00
622 6.2101000000e+00 -4.3820357200e-01 1.4802420000e+00
623 6.2201000000e+00 -4.5300599200e-01 2.0956063000e+00
624 6.2301000000e+00 -4.7396205500e-01 1.7683751000e+00
625 6.2401000000e+00 -4.9164580600e-01 1.8408775000e+00
626 6.2501000000e+00 -5.1005458100e-01 5.7360110000e-01
627 6.2601000000e+00 -5.1579059200e-01 1.4052651000e+00
628 6.2701000000e+00 -5.2984324300e-01 2.0543147000e+00
629 6.2801000000e+00 -5.5038639000e-01 9.6149250000e-01
630 6.2901000000e+00 -5.6000131500e-01 1.5885504000e+00
631 6.3001000000e+00 -5.7588681900e-01 2.4920032000e+00
632 6.3101000000e+00 -6.0080685100e-01 1.5635320000e-01
633 6.3201000000e+00 -6.0237038300e-01 2.2709934000e+00
634 6.3301000000e+00 -6.2508031700e-01 1.3406930000e+00
635 6.3401000000e+00 -6.3848724700e-01 6.8842140000e-01
636 6.3501000000e+00 -6.4537146100e-01 6.8319870000e-01
637 6.3601000000e+00 -6.5220344800e-01 3.4849985000e+00
638 6.3701000000e+00 -6.8705343300e-01 3.6950000000e-02
639 6.3801000000e+00 -6.8742293300e-01 2.0671603000e+00
640 6.3901000000e+00 -7.0809453600e-01 1.6401161000e+00
641 6.4001000000e+00 -7.2449569700e-01 2.3702662000e+00
642 6.4101000000e+00 -7.4819835900e-01 -8.9456690000e-01
643 6.4201000000e+00 -7.3925269000e-01 1.8803622000e+00
644 6.4301000000e+00 -7.5805631200e-01 2.2073747000e+00
645 6.4401000000e+00 -7.8013005900e-01 -4.7659400000e-02
646 6.4501000000e+00 -7.7965346500e-01 1.5190589000e+00
647 6.4601000000e+00 -7.9484405400e-01 1.6308736000e+00
648 6.4701000000e+00 -8.1115279000e-01 1.1669692000e+00
649 6.4801000000e+00 -8.2282248200e-01 5.1764890000e-01
650 6.4901000000e+00 -8.2799897100e-01 1.8081995000e+00
651 6.5001000000e+00 -8.4608096600e-01 1.4695885000e+00
652 6.5101000000e+00 -8.6077685100e-01 1.4994761000e+00
653 6.5201000000e+00 -8.7577161200e-01 8.2931920000e-01
654 6.5301000000e+00 -8.8406480400e-01 1.5927836000e+00
655 6.5401000000e+00 -8.9999264000e-01 1.3383495000e+00
656 6.5501000000e+00 -9.1337613500e-01 1.3278390000e-01
657 6.5601000000e+00 -9.1470397400e-01 2.3190980000e+00
658 6.5701000000e+00 -9.3789495400e-01 1.1291498000e+00
659 6.5801000000e+00 -9.4918645200e-01 7.3611450000e-01
660 6.5901000000e+00 -9.5654759700e-01 1.3466392000e+00
661 6.6001000000e+00 -9.7001398900e-01 1.5420426000e+00
662 6.6101000000e+00 -9.8543441500e-01 -4.1639600000e-02
663 6.6201000000e+00 -9.8501801900e-01 4.2412870000e-01
664 6.6301000000e+00 -9.8925930600e-01 2.6341811000e+00
665 6.6401000000e+00 -1.0156011170e+00 2.1143020000e-01
666 6.6501000000e+00 -1.0177154190e+00 1.6564495000e+00
667 6.6601000000e+00 -1.0342799140e+00 2.7773520000e-01
668 6.6701000000e+00 -1.0370572660e+00 1.5621369000e+00
669 6.6801000000e+00 -1.0526786350e+00 9.1543980000e-01
670 6.6901000000e+00 -1.0618330330e+00 5.8095420000e-01
671 6.7001000000e+00 -1.0676425750e+00 9.4860310000e-01
672 6.7101000000e+00 -1.0771286060e+00 1.1851574000e+00
673 6.7201000000e+00 -1.0889801800e+00 3.6800260000e+00
674 6.7301000000e+00 -1.1257804400e+00 -7.3464200000e-01
675 6.7401000000e+00 -1.1184340200e+00 -5.0629000000e-02
676 6.7501000000e+00 -1.1179277300e+00 1.9541880000e+00
677 6.7601000000e+00 -1.1374696100e+00 -2.1605800000e-01
678 6.7701000000e+00 -1.1353090300e+00 1.6227710000e+00
679 6.7801000000e+00 -1.1515367400e+00 -2.7197700000e-01
680 6.7901000000e+00 -1.1488169700e+00 1.6021910000e+00
681 6.8001000000e+00 -1.1648388800e+00 1.1583430000e+00
682 6.8101000000e+00 -1.1764223100e+00 -3.2466200000e-01
683 6.8201000000e+00 -1.1731756900e+00 1.2658480000e+00
684 6.8301000000e+00 -1.1858341700e+00 1.0061780000e+00
685 6.8401000000e+00 -1.1958959500e+00 9.9930300000e-01
686 6.8501000000e+00 -1.2058889800e+00 1.6877970000e+00
687 6.8601000000e+00 -1.2227669500e+00 7.2765800000e-01
688 6.8701000000e+00 -1.2300435300e+00 -1.1508460000e+00
689 6.8801000000e+00 -1.2185350700e+00 1.6902900000e+00
690 6.8901000000e+00 -1.2354379700e+00 8.4453100000e-01
691 6.9001000000e+00 -1.2438832800e+00 9.2294000000e-01
692 6.9101000000e+00 -1.2531126800e+00 1.4009170000e+00
693 6.9201000000e+00 -1.2671218500e+00 6.5294100000e-01
694 6.9301000000e+00 -1.2736512600e+00 1.7439800000e-01
695 6.9401000000e+00 -1.2753952400e+00 7.3856100000e-01
696 6.9501000000e+00 -1.2827808500e+00 3.2467000000e-02
697 6.9601000000e+00 -1.2831055200e+00 2.5228500000e-01
698 6.9701000000e+00 -1.2856283700e+00 7.6552900000e-01
699 6.9801000000e+00 -1.2932836600e+00 1.4491940000e+00
700 6.9901000000e+00 -1.3077756000e+00 1.1110100000e-01
701 7.0001000000e+00 -1.3088866100e+00 6.1316100000e-01
702 7.0101000000e+00 -1.3150182200e+00 1.2091890000e+00
703 7.0201000000e+00 -1.3271101100e+00 -1.0418700000e-01
704 7.0301000000e+00 -1.3260682400e+00 4.7183800000e-01
705 7.0401000000e+00 -1.3307866200e+00 5.7623200000e-01
706 7.0501000000e+00 -1.3365489400e+00 1.0872830000e+00
707 7.0601000000e+00 -1.3474217700e+00 1.3876510000e+00
708 7.0701000000e+00 -1.3612982800e+00 -9.4450400000e-01
709 7.0801000000e+00 -1.3518532400e+00 5.8506000000e-01
710 7.0901000000e+00 -1.3577038400e+00 1.0840580000e+00
711 7.1001000000e+00 -1.3685444200e+00 5.7175200000e-01
712 7.1101000000e+00 -1.3742619400e+00 5.4692600000e-01
713 7.1201000000e+00 -1.3797312000e+00 -6.9406300000e-01
714 7.1301000000e+00 -1.3727905700e+00 5.5641500000e-01
715 7.1401000000e+00 -1.3783547200e+00 2.4764000000e-01
716 7.1501000000e+00 -1.3808311200e+00 1.5821800000e-01
717 7.1601000000e+00 -1.3824133000e+00 3.2153700000e-01
718 7.1701000000e+00 -1.3856286700e+00 9.5293400000e-01
719 7.1801000000e+00 -1.3951580100e+00 3.1853800000e-01
720 7.1901000000e+00 -1.3983433900e+00 1.4318480000e+00
721 7.2001000000e+00 -1.4126618700e+00 -9.6249300000e-01
722 7.2101000000e+00 -1.4030369400e+00 -8.2424000000e-02
723 7.2201000000e+00 -1.4022127000e+00 5.2716800000e-01
724 7.2301000000e+00 -1.4074843800e+00 1.0330670000e+00
725 7.2401000000e+00 -1.4178150500e+00 1.4896970000e+00
726 7.2501000000e+00 -1.4327120200e+00 -1.2320430000e+00
727 7.2601000000e+00 -1.4203915900e+00 -2.9666000000e-01
728 7.2701000000e+00 -1.4174249900e+00 7.7361300000e-01
729 7.2801000000e+00 -1.4251611200e+00 -2.8967200000e-01
730 7.2901000000e+00 -1.4222644000e+00 -1.3238500000e-01
731 7.3001000000e+00 -1.4209405500e+00 -7.5354600000e-01
732 7.3101000000e+00 -1.4134050900e+00 1.8023960000e+00
733 7.3201000000e+00 -1.4314290500e+00 -8.8942800000e-01
734 7.3301000000e+00 -1.4225347700e+00 1.5809820000e+00
735 7.3401000000e+00 -1.4383445900e+00 -8.7293000000e-02
736 7.3501000000e+00 -1.4374716600e+00 -6.3300000000e-01
737 7.3601000000e+00 -1.4311416600e+00 1.3248800000e+00
738 7.3701000000e+00 -1.4443904600e+00 -4.2162500000e-01
739 7.3801000000e+00 -1.4401742100e+00 -5.9456000000e-01
740 7.3901000000e+00 -1.4342286100e+00 -9.2884900000e-01
741 7.4001000000e+00 -1.4249401200e+00 1.4951880000e+00
742 7.4101000000e+00 -1.4398920000e+00 6.3138900000e-01
743 7.4201000000e+00 -1.4462058900e+00 -8.6304800000e-01
744 7.4301000000e+00 -1.4375754100e+00 1.1010000000e-02
745 7.4401000000e+00 -1.4376855100e+00 2.3763700000e-01
746 7.4501000000e+00 -1.4400618800e+00 2.1595700000e-01
747 7.4601000000e+00 -1.4422214500e+00 -3.3799500000e-01
748 7.4701000000e+00 -1.4388415000e+00 1.0463700000e-01
749 7.4801000000e+00 -1.4398878700e+00 -3.2870100000e-01
750 7.4901000000e+00 -1.4366008600e+00 -5.6581100000e-01
751 7.5001000000e+00 -1.4309427500e+00 7.8811000000e-02
752 7.5101000000e+00 -1.4317308600e+00 1.6172000000e-02
753 7.5201000000e+00 -1.4318925800e+00 2.5557800000e-01
754 7.5301000000e+00 -1.4344483600e+00 6.3358800000e-01
755 7.5401000000e+00 -1.4407842400e+00 -1.1081560000e+00
756 7.5501000000e+00 -1.4297026800e+00 1.9107400000e-01
757 7.5601000000e+00 -1.4316134200e+00 -7.5087300000e-01
758 7.5701000000e+00 -1.4241046900e+00 8.2875500000e-01
759 7.5801000000e+00 -1.4323922400e+00 -7.1348300000e-01
760 7.5901000000e+00 -1.4252574100e+00 -1.5323450000e+00
761 7.6001000000e+00 -1.4099339600e+00 1.0473870000e+00
762 7.6101000000e+00 -1.4204078300e+00 -2.2680000000e-02
763 7.6201000000e+00 -1.4201810300e+00 -1.3651280000e+00
764 7.6301000000e+00 -1.4065297500e+00 1.9632800000e-01
765 7.6401000000e+00 -1.4084930300e+00 -5.0216600000e-01
766 7.6501000000e+00 -1.4034713700e+00 -6.2005600000e-01
767 7.6601000000e+00 -1.3972708100e+00 4.7015500000e-01
768 7.6701000000e+00 -1.4019723600e+00 -4.7912200000e-01
769 7.6801000000e+00 -1.3971811400e+00 -4.9130400000e-01
770 7.6901000000e+00 -1.3922681000e+00 -3.3895100000e-01
771 7.7001000000e+00 -1.3888785900e+00 4.5662100000e-01
772 7.7101000000e+00 -1.3934448000e+00 -4.8177900000e-01
773 7.7201000000e+00 -1.3886270100e+00 4.2102400000e-01
774 7.7301000000e+00 -1.3928372500e+00 -1.2130560000e+00
775 7.7401000000e+00 -1.3807066900e+00 -9.9330900000e-01
776 7.7501000000e+00 -1.3707736000e+00 2.4692100000e-01
777 7.7601000000e+00 -1.3732428100e+00 -9.8245200000e-01
778 7.7701000000e+00 -1.3634182900e+00 -6.0411600000e-01
779 7.7801000000e+00 -1.3573771300e+00 -1.4023080000e+00
780 7.7901000000e+00 -1.3433540500e+00 3.0490400000e-01
781 7.8001000000e+00 -1.3464030900e+00 -1.2505400000e+00
782 7.8101000000e+00 -1.3338976900e+00 1.0332050000e+00
783 7.8201000000e+00 -1.3442297400e+00 -1.7856990000e+00
784 7.8301000000e+00 -1.3263727500e+00 -2.1051000000e-02
785 7.8401000000e+00 -1.3261622400e+00 -1.4340770000e+00
786 7.8501000000e+00 -1.3118214700e+00 6.7640900000e-01
787 7.8601000000e+00 -1.3185855600e+00 -7.6937000000e-02
788 7.8701000000e+00 -1.3178161900e+00 -1.5295060000e+00
789 7.8801000000e+00 -1.3025211300e+00 -3.1715000000e-02
790 7.8901000000e+00 -1.3022039800e+00 -4.8874400000e-01
791 7.9001000000e+00 -1.2973165400e+00 -9.8036200000e-01
792 7.9101000000e+00 -1.2875129200e+00 9.5863000000e-02
793 7.9201000000e+00 -1.2884715500e+00 -1.3940230000e+00
794 7.9301000000e+00 -1.2745313200e+00 -7.9771500000e-01
795 7.9401000000e+00 -1.2665541700e+00 -9.9917800000e-01
796 7.9501000000e+00 -1.2565623900e+00 3.3315600000e-01
797 7.9601000000e+00 -1.2598939500e+00 -9.5311100000e-01
798 7.9701000000e+00 -1.2503628400e+00 4.7293000000e-01
799 7.9801000000e+00 -1.2550921400e+00 -1.1380540000e+00
800 7.9901000000e+00 -1.2437116000e+00 7.2138000000e-02
801 8.0001000000e+00 -1.2444329800e+00 -2.1654440000e+00
802 8.0101000000e+00 -1.2227785400e+00 -7.0863200000e-01
803 8.0201000000e+00 -1.2156922200e+00 7.8369100000e-01
804 8.0301000000e+00 -1.2235291300e+00 -1.8254350000e+00
805 8.0401000000e+00 -1.2052747800e+00 9.9372400000e-01
806 8.0501000000e+00 -1.2152120200e+00 -9.8623800000e-01
807 8.0601000000e+00 -1.2053496400e+00 -1.1942080000e+00
808 8.0701000000e+00 -1.1934075600e+00 -5.5609900000e-01
809 8.0801000000e+00 -1.1878465700e+00 4.0705800000e-01
810 8.0901000000e+00 -1.1919171500e+00 -1.1788810000e+00
811 8.1001000000e+00 -1.1801283400e+00 -1.8914440000e+00
812 8.1101000000e+00 -1.1612139000e+00 -9.7558200000e-01
813 8.1201000000e+00 -1.1514580800e+00 5.5934200000e-01
814 8.1301000000e+00 -1.1570515000e+00 -1.4666270000e+00
815 8.1401000000e+00 -1.1423852300e+00 4.4028600000e-01
816 8.1501000000e+00 -1.1467880900e+00 -6.8621700000e-01
817 8.1601000000e+00 -1.1399259200e+00 -1.2291790000e+00
818 8.1701000000e+00 -1.1276341300e+00 5.5657640000e-01
819 8.1801000000e+00 -1.1331998940e+00 -2.4380534000e+00
820 8.1901000000e+00 -1.1088193600e+00 1.0378480000e+00
821 8.2001000000e+00 -1.1191978400e+00 -1.0435916000e+00
822 8.2101000000e+00 -1.1087619240e+00 -1.2127284000e+00
823 8.2201000000e+00 -1.0966346400e+00 9.7723900000e-01
824 8.2301000000e+00 -1.1064070300e+00 -2.1961906000e+00
825 8.2401000000e+00 -1.0844451240e+00 5.7490860000e-01
826 8.2501000000e+00 -1.0901942100e+00 -2.0511740000e+00
827 8.2601000000e+00 -1.0696824700e+00 5.1225230000e-01
828 8.2701000000e+00 -1.0748049930e+00 -6.0119630000e-01
829 8.2801000000e+00 -1.0687930300e+00 -7.3415300000e-01
830 8.2901000000e+00 -1.0614515000e+00 -3.1637300000e-01
831 8.3001000000e+00 -1.0582877700e+00 -2.3542200000e-01
832 8.3101000000e+00 -1.0559335500e+00 -1.8235885000e+00
833 8.3201000000e+00 -1.0376976650e+00 -2.3753800000e-01
834 8.3301000000e+00 -1.0353222850e+00 4.3230000000e-03
835 8.3401000000e+00 -1.0353655150e+00 -7.1536160000e-01
836 8.3501000000e+00 -1.0282118990e+00 2.3121290000e-01
837 8.3601000000e+00 -1.0305240280e+00 -6.0509140000e-01
838 8.3701000000e+00 -1.0244731140e+00 -3.5341810000e-01
839 8.3801000000e+00 -1.0209389330e+00 -4.7864690000e-01
840 8.3901000000e+00 -1.0161524640e+00 -8.9057550000e-01
841 8.4001000000e+00 -1.0072467090e+00 2.9294330000e-01
842 8.4101000000e+00 -1.0101761420e+00 -2.1860847000e+00
843 8.4201000000e+00 -9.8831529500e-01 1.2339072000e+00
844 8.4301000000e+00 -1.0006543670e+00 -2.6367430000e-01
845 8.4401000000e+00 -9.9801762400e-01 -8.0423610000e-01
846 8.4501000000e+00 -9.8997526300e-01 -1.1128724000e+00
847 8.4601000000e+00 -9.7884653900e-01 1.2465824000e+00
848 8.4701000000e+00 -9.9131236300e-01 -1.3750636000e+00
849 8.4801000000e+00 -9.7756172700e-01 -6.8021300000e-02
850 8.4901000000e+00 -9.7688151400e-01 -4.2808100000e-01
851 8.5001000000e+00 -9.7260070400e-01 -1.7562810000e-01
852 8.5101000000e+00 -9.7084442300e-01 -7.4769190000e-01
853 8.5201000000e+00 -9.6336750400e-01 -4.0849610000e-01
854 8.5301000000e+00 -9.5928254300e-01 1.4628610000e-01
855 8.5401000000e+00 -9.6074540400e-01 -2.5128090000e-01
856 8.5501000000e+00 -9.5823259500e-01 -8.8317180000e-01
857 8.5601000000e+00 -9.4940087700e-01 -7.3714970000e-01
858 8.5701000000e+00 -9.4202938000e-01 -3.8246640000e-01
859 8.5801000000e+00 -9.3820471600e-01 6.9740480000e-01
860 8.5901000000e+00 -9.4517876400e-01 -6.5513400000e-02
861 8.6001000000e+00 -9.4452363000e-01 6.9356000000e-02
862 8.6101000000e+00 -9.4521719000e-01 -6.9680930000e-01
863 8.6201000000e+00 -9.3824909700e-01 -2.8044900000e-02
864 8.6301000000e+00 -9.3796864800e-01 -5.3696670000e-01
865 8.6401000000e+00 -9.3259898100e-01 -4.4020010000e-01
866 8.6501000000e+00 -9.2819698000e-01 -9.7893780000e-01
867 8.6601000000e+00 -9.1840760200e-01 3.7129780000e-01
868 8.6701000000e+00 -9.2212058000e-01 -2.7856990000e-01
869 8.6801000000e+00 -9.1933488100e-01 -3.1710110000e-01
870 8.6901000000e+00 -9.1616387000e-01 -2.8693620000e-01
871 8.7001000000e+00 -9.1329450800e-01 2.9842090000e-01
872 8.7101000000e+00 -9.1627871700e-01 -1.1403180000e-01
873 8.7201000000e+00 -9.1513839900e-01 6.6336300000e-02
874 8.7301000000e+00 -9.1580176200e-01 -5.9359340000e-01
875 8.7401000000e+00 -9.0986582800e-01 -5.0628150000e-01
876 8.7501000000e+00 -9.0480301300e-01 1.0356964000e+00
877 8.7601000000e+00 -9.1515997700e-01 -4.1571680000e-01
878 8.7701000000e+00 -9.1100280900e-01 -1.8935454000e+00
879 8.7801000000e+00 -8.9206735500e-01 6.4084710000e-01
880 8.7901000000e+00 -8.9847582600e-01 -5.7832790000e-01
881 8.8001000000e+00 -8.9269254700e-01 9.9559140000e-01
882 8.8101000000e+00 -9.0264846100e-01 -2.7967260000e-01
883 8.8201000000e+00 -8.9985173500e-01 -8.0532940000e-01
884 8.8301000000e+00 -8.9179844100e-01 3.6261080000e-01
885 8.8401000000e+00 -8.9542454900e-01 8.1834700000e-02
886 8.8501000000e+00 -8.9624289600e-01 -2.2791790000e-01
887 8.8601000000e+00 -8.9396371700e-01 -3.8708580000e-01
888 8.8701000000e+00 -8.9009285900e-01 -3.6294820000e-01
889 8.8801000000e+00 -8.8646337700e-01 -1.8588470000e-01
890 8.8901000000e+00 -8.8460453000e-01 -1.5670020000e-01
891 8.9001000000e+00 -8.8303752800e-01 -5.6462890000e-01
892 8.9101000000e+00 -8.7739123900e-01 3.4424190000e-01
893 8.9201000000e+00 -8.8083365800e-01 -3.5735730000e-01
894 8.9301000000e+00 -8.7726008500e-01 6.7196560000e-01
895 8.9401000000e+00 -8.8397974100e-01 7.4662100000e-02
896 8.9501000000e+00 -8.8472636200e-01 -1.4882561000e+00
897 8.9601000000e+00 -8.6984380100e-01 1.6062072000e+00
898 8.9701000000e+00 -8.8590587300e-01 -1.8523382000e+00
899 8.9801000000e+00 -8.6738249100e-01 1.5274347000e+00
900 8.9901000000e+00 -8.8265683800e-01 -7.7098080000e-01
901 9.0001000000e+00 -8.7494703000e-01 -3.6090610000e-01
902 9.0101000000e+00 -8.7133796900e-01 -1.0597930000e-01
903 9.0201000000e+00 -8.7027817600e-01 -6.7378380000e-01
904 9.0301000000e+00 -8.6354033800e-01 7.1885010000e-01
905 9.0401000000e+00 -8.7072883900e-01 -2.7188170000e-01
906 9.0501000000e+00 -8.6801002200e-01 6.1693060000e-01
907 9.0601000000e+00 -8.7417932800e-01 -1.0308896000e+00
908 9.0701000000e+00 -8.6387043200e-01 -7.5244400000e-02
909 9.0801000000e+00 -8.6311798800e-01 4.2690390000e-01
910 9.0901000000e+00 -8.6738702700e-01 1.5919100000e-02
911 9.1001000000e+00 -8.6754621800e-01 -2.6700090000e-01
912 9.1101000000e+00 -8.6487620900e-01 -9.1091470000e-01
913 9.1201000000e+00 -8.5576706200e-01 9.3148930000e-01
914 9.1301000000e+00 -8.6508195500e-01 -8.7770900000e-02
915 9.1401000000e+00 -8.6420424600e-01 3.5182200000e-02
916 9.1501000000e+00 -8.6455606800e-01 -1.8833820000e-01
917 9.1601000000e+00 -8.6267268600e-01 -8.9517710000e-01
918 9.1701000000e+00 -8.5372091500e-01 1.0021515000e+00
919 9.1801000000e+00 -8.6374243000e-01 5.0171630000e-01
920 9.1901000000e+00 -8.6875959300e-01 -1.8920752000e+00
921 9.2001000000e+00 -8.4983884100e-01 8.1546100000e-01
922 9.2101000000e+00 -8.5799345100e-01 -4.6891400000e-01
923 9.2201000000e+00 -8.5330431100e-01 -6.0318500000e-02
924 9.2301000000e+00 -8.5270112600e-01 -2.0952190000e-01
925 9.2401000000e+00 -8.5060590700e-01 9.1070200000e-02
926 9.2501000000e+00 -8.5151660900e-01 -1.7039008000e+00
927 9.2601000000e+00 -8.3447760100e-01 2.9130260000e-01
928 9.2701000000e+00 -8.3739062700e-01 5.1261190000e-01
929 9.2801000000e+00 -8.4251674600e-01 6.7748710000e-01
930 9.2901000000e+00 -8.4929161700e-01 1.7783980000e-01
931 9.3001000000e+00 -8.5107001500e-01 -7.3047770000e-01
932 9.3101000000e+00 -8.4376523800e-01 1.1329400000e-01
933 9.3201000000e+00 -8.4489817800e-01 4.9502500000e-02
934 9.3301000000e+00 -8.4539320300e-01 -8.2629750000e-01
935 9.3401000000e+00 -8.3713022800e-01 5.9682000000e-03
936 9.3501000000e+00 -8.3718991000e-01 -1.9984182000e+00
937 9.3601000000e+00 -8.1720572800e-01 1.8308604000e+00
938 9.3701000000e+00 -8.3551433200e-01 -6.3281930000e-01
939 9.3801000000e+00 -8.2918613900e-01 4.2745650000e-01
940 9.3901000000e+00 -8.3346070400e-01 -4.3178300000e-01
941 9.4001000000e+00 -8.2914287400e-01 -6.2424300000e-02
942 9.4101000000e+00 -8.2851863100e-01 -1.5135880000e-01
943 9.4201000000e+00 -8.2700504300e-01 1.6550800000e-01
944 9.4301000000e+00 -8.2866012300e-01 -2.4374190000e-01
945 9.4401000000e+00 -8.2622270400e-01 -6.4257320000e-01
946 9.4501000000e+00 -8.1979697200e-01 1.2304760000e-01
947 9.4601000000e+00 -8.2102744800e-01 -7.8385720000e-01
948 9.4701000000e+00 -8.1318887600e-01 9.3555900000e-02
949 9.4801000000e+00 -8.1412443500e-01 -9.3922390000e-01
950 9.4901000000e+00 -8.0473219600e-01 8.6944460000e-01
951 9.5001000000e+00 -8.1342664200e-01 -3.0689300000e-01
952 9.5101000000e+00 -8.1035771200e-01 5.9286000000e-03
953 9.5201000000e+00 -8.1041699800e-01 3.6923000000e-02
954 9.5301000000e+00 -8.1078622800e-01 4.1831360000e-01
955 9.5401000000e+00 -8.1496936400e-01 -1.3682158000e+00
956 9.5501000000e+00 -8.0128720600e-01 -5.1083510000e-01
957 9.5601000000e+00 -7.9617885500e-01 5.6691750000e-01
958 9.5701000000e+00 -8.0184803000e-01 -2.2073730000e-01
959 9.5801000000e+00 -7.9964065700e-01 -8.2906910000e-01
960 9.5901000000e+00 -7.9134996600e-01 -3.8566190000e-01
961 9.6001000000e+00 -7.8749334700e-01 6.6173200000e-02
962 9.6101000000e+00 -7.8815507900e-01 -1.4568546000e+00
963 9.6201000000e+00 -7.7358653300e-01 1.1632051000e+00
964 9.6301000000e+00 -7.8521858400e-01 1.7531300000e-02
965 9.6401000000e+00 -7.8539389700e-01 -9.5791210000e-01
966 9.6501000000e+00 -7.7581477600e-01 -1.7238260000e-01
967 9.6601000000e+00 -7.7409095000e-01 -1.6326800000e-02
968 9.6701000000e+00 -7.7392768200e-01 -1.2400720000e-01
969 9.6801000000e+00 -7.7268761000e-01 -5.8820810000e-01
970 9.6901000000e+00 -7.6680552900e-01 -7.4780910000e-01
971 9.7001000000e+00 -7.5932743800e-01 5.8259700000e-01
972 9.7101000000e+00 -7.6515340800e-01 -2.4894880000e-01
973 9.7201000000e+00 -7.6266392000e-01 -6.4199310000e-01
974 9.7301000000e+00 -7.5624398900e-01 6.3492120000e-01
975 9.7401000000e+00 -7.6259320100e-01 -3.4671914000e+00
976 9.7501000000e+00 -7.2792128700e-01 1.8617838000e+00
977 9.7601000000e+00 -7.4653912500e-01 -1.9696420000e-01
978 9.7701000000e+00 -7.4456948300e-01 -8.5734490000e-01
979 9.7801000000e+00 -7.3599603400e-01 3.8116460000e-01
980 9.7901000000e+00 -7.3980768000e-01 6.5541560000e-01
981 9.8001000000e+00 -7.4636183600e-01 -1.1136708000e+00
982 9.8101000000e+00 -7.3522512800e-01 5.1349500000e-02
983 9.8201000000e+00 -7.3573862300e-01 -7.3050650000e-01
984 9.8301000000e+00 -7.2843355800e-01 5.8238060000e-01
985 9.8401000000e+00 -7.3425736400e-01 -1.5192410000e+00
986 9.8501000000e+00 -7.1906495400e-01 -3.0729740000e-01
987 9.8601000000e+00 -7.1599198000e-01 -1.1454371000e+00
988 9.8701000000e+00 -7.0453760900e-01 1.0988891000e+00
989 9.8801000000e+00 -7.1552650000e-01 -1.0683354000e+00
990 9.8901000000e+00 -7.0484314600e-01 -2.3146700000e-01
991 9.9001000000e+00 -7.0252847600e-01 -2.5164090000e-01
992 9.9101000000e+00 -7.0001206700e-01 -3.3269160000e-01
993 9.9201000000e+00 -6.9668515100e-01 1.5695230000e-01
994 9.9301000000e+00 -6.9825467400e-01 -3.0517910000e-01
995 9.9401000000e+00 -6.9520288300e-01 3.2046770000e-01
996 9.9501000000e+00 -6.9840756000e-01 -1.3168436000e+00
997 9.9601000000e+00 -6.8523912400e-01 -1.1163088000e+00
998 9.9701000000e+00 -6.7407603600e-01 1.5252027000e+00
999 9.9801000000e+00 -6.8932806300e-01 -1.4372502000e+00
1000 9.9901000000e+00 -6.7495556100e-01 1.1072280000e-01
1001 1.0000100000e+01 -6.7606278900e-01 3.0838970000e-01
1002 1.0010100000e+01 -6.7914668600e-01 -1.9861449000e+00
1003 1.0020100000e+01 -6.5928523700e-01 4.3863860000e-01
1004 1.0030100000e+01 -6.6367162300e-01 5.5430160000e-01
1005 1.0040100000e+01 -6.6921463900e-01 -3.6970790000e-01
1006 1.0050100000e+01 -6.6551756000e-01 -1.4681042000e+00
1007 1.0060100000e+01 -6.5083651800e-01 -2.5467050000e-01
1008 1.0070100000e+01 -6.4828981300e-01 4.7559950000e-01
1009 1.0080100000e+01 -6.5304580800e-01 -1.2553094000e+00
1010 1.0090100000e+01 -6.4049271400e-01 5.9213250000e-01
1011 1.0100100000e+01 -6.4641403900e-01 -1.4487886000e+00
1012 1.0110100000e+01 -6.3192615300e-01 5.1304400000e-01
1013 1.0120100000e+01 -6.3705659300e-01 -8.4678840000e-01
1014 1.0130100000e+01 -6.2858870900e-01 -3.2699100000e-01
1015 1.0140100000e+01 -6.2531879900e-01 -4.6052200000e-02
1016 1.0150100000e+01 -6.2485827700e-01 -4.6546240000e-01
1017 1.0160100000e+01 -6.2020365300e-01 -8.2344430000e-01
1018 1.0170100000e+01 -6.1196921000e-01 -5.3519360000e-01
1019 1.0180100000e+01 -6.0661727400e-01 7.4984590000e-01
1020 1.0190100000e+01 -6.1411573300e-01 -4.1094680000e-01
1021 1.0200100000e+01 -6.1000626500e-01 -3.3136070000e-01
1022 1.0210100000e+01 -6.0669265800e-01 -8.0219150000e-01
1023 1.0220100000e+01 -5.9867074300e-01 4.6716360000e-01
1024 1.0230100000e+01 -6.0334237900e-01 -6.6489220000e-01
1025 1.0240100000e+01 -5.9669345700e-01 -4.7421710000e-01
1026 1.0250100000e+01 -5.9195128600e-01 -9.0199510000e-01
1027 1.0260100000e+01 -5.8293133500e-01 -4.3366720000e-01
1028 1.0270100000e+01 -5.7859466300e-01 3.6619580000e-01
1029 1.0280100000e+01 -5.8225662100e-01 -1.4843203000e+00
1030 1.0290100000e+01 -5.6741341800e-01 5.4380530000e-01
1031 1.0300100000e+01 -5.7285147100e-01 -9.6983790000e-01
1032 1.0310100000e+01 -5.6315309200e-01 -3.6742500000e-02
1033 1.0320100000e+01 -5.6278566700e-01 -2.5036200000e-02
1034 1.0330100000e+01 -5.6253530500e-01 -9.3873980000e-01
1035 1.0340100000e+01 -5.5314790700e-01 -3.2928230000e-01
1036 1.0350100000e+01 -5.4985508400e-01 8.8484400000e-02
1037 1.0360100000e+01 -5.5073992800e-01 -1.0437898000e+00
1038 1.0370100000e+01 -5.4030203000e-01 4.8318850000e-01
1039 1.0380100000e+01 -5.4513391500e-01 -1.1319173000e+00
1040 1.0390100000e+01 -5.3381474200e-01 -2.7743350000e-01
1041 1.0400100000e+01 -5.3104040700e-01 7.4772300000e-02
1042 1.0410100000e+01 -5.3178813000e-01 -4.1351400000e-01
1043 1.0420100000e+01 -5.2765299000e-01 -1.6383200000e-01
1044 1.0430100000e+01 -5.2601467000e-01 -7.0762960000e-01
1045 1.0440100000e+01 -5.1893837400e-01 -2.6624280000e-01
1046 1.0450100000e+01 -5.1627594600e-01 -6.5162700000e-01
1047 1.0460100000e+01 -5.0975967600e-01 5.4650410000e-01
1048 1.0470100000e+01 -5.1522471700e-01 -8.5330770000e-01
1049 1.0480100000e+01 -5.0669164000e-01 -1.7270890000e+00
1050 1.0490100000e+01 -4.8942075000e-01 6.7077000000e-03
1051 1.0500100000e+01 -4.8948782700e-01 -3.7476350000e-01
1052 1.0510100000e+01 -4.8574019200e-01 -2.7623510000e-01
1053 1.0520100000e+01 -4.8297784100e-01 3.8831030000e-01
1054 1.0530100000e+01 -4.8686094400e-01 9.6806300000e-02
1055 1.0540100000e+01 -4.8782900700e-01 -1.5667552000e+00
1056 1.0550100000e+01 -4.7216145500e-01 7.3329000000e-03
1057 1.0560100000e+01 -4.7223478400e-01 -1.0929437000e+00
1058 1.0570100000e+01 -4.6130534700e-01 4.6119320000e-01
1059 1.0580100000e+01 -4.6591727900e-01 2.1704140000e-01
1060 1.0590100000e+01 -4.6808769300e-01 -6.3201670000e-01
1061 1.0600100000e+01 -4.6176752600e-01 -6.3090680000e-01
1062 1.0610100000e+01 -4.5545845800e-01 9.9990870000e-01
1063 1.0620100000e+01 -4.6545754500e-01 -2.3778050000e+00
1064 1.0630100000e+01 -4.4167949500e-01 -5.3180870000e-01
1065 1.0640100000e+01 -4.3636140800e-01 3.8335200000e-01
1066 1.0650100000e+01 -4.4019492800e-01 -7.1029770000e-01
1067 1.0660100000e+01 -4.3309195100e-01 -1.3505482000e+00
1068 1.0670100000e+01 -4.1958646900e-01 6.8780960000e-01
1069 1.0680100000e+01 -4.2646456500e-01 -2.3648020000e-01
1070 1.0690100000e+01 -4.2409976300e-01 3.1836890000e-01
1071 1.0700100000e+01 -4.2728345200e-01 -7.3422840000e-01
1072 1.0710100000e+01 -4.1994116800e-01 3.6016880000e-01
1073 1.0720100000e+01 -4.2354285600e-01 -9.5607920000e-01
1074 1.0730100000e+01 -4.1398206400e-01 5.0626820000e-01
1075 1.0740100000e+01 -4.1904474600e-01 -1.5648972000e+00
1076 1.0750100000e+01 -4.0339577400e-01 -1.2675620000e-01
1077 1.0760100000e+01 -4.0212821200e-01 -9.9720300000e-01
1078 1.0770100000e+01 -3.9215618200e-01 3.3210850000e-01
1079 1.0780100000e+01 -3.9547726700e-01 -1.0495558000e+00
1080 1.0790100000e+01 -3.8498170900e-01 1.1202740000e+00
1081 1.0800100000e+01 -3.9618444900e-01 -1.2623965000e+00
1082 1.0810100000e+01 -3.8356048400e-01 8.2957500000e-02
1083 1.0820100000e+01 -3.8439005900e-01 -1.5984020000e+00
1084 1.0830100000e+01 -3.6840603900e-01 -8.3976900000e-02
1085 1.0840100000e+01 -3.6756627000e-01 5.1239350000e-01
1086 1.0850100000e+01 -3.7269020500e-01 -7.7700610000e-01
1087 1.0860100000e+01 -3.6492014400e-01 -4.2615280000e-01
1088 1.0870100000e+01 -3.6065861600e-01 -7.2972890000e-01
1089 1.0880100000e+01 -3.5336132700e-01 -2.1057440000e-01
1090 1.0890100000e+01 -3.5125558300e-01 2.0552700000e-01
1091 1.0900100000e+01 -3.5331085300e-01 -3.1714630000e-01
1092 1.0910100000e+01 -3.5013939000e-01 -1.2560398000e+00
1093 1.0920100000e+01 -3.3757899200e-01 8.7788100000e-02
1094 1.0930100000e+01 -3.3845687300e-01 2.3523770000e-01
1095 1.0940100000e+01 -3.4080925000e-01 -1.7735427000e+00
1096 1.0950100000e+01 -3.2307382300e-01 4.7999400000e-02
1097 1.0960100000e+01 -3.2355381700e-01 -3.1102500000e-01
1098 1.0970100000e+01 -3.2044356700e-01 -8.1751400000e-02
1099 1.0980100000e+01 -3.1962605300e-01 -5.4555800000e-02
1100 1.0990100000e+01 -3.1908049500e-01 -8.3411930000e-01
1101 1.1000100000e+01 -3.1073930200e-01 7.0209200000e-02
1102 1.1010100000e+01 -3.1144139400e-01 2.8088520000e-01
1103 1.1020100000e+01 -3.1425024600e-01 1.9336910000e-01
1104 1.1030100000e+01 -3.1618393700e-01 -1.0052274000e+00
1105 1.1040100000e+01 -3.0613166300e-01 -2.0370180000e-01
1106 1.1050100000e+01 -3.0409464500e-01 -5.0956580000e-01
1107 1.1060100000e+01 -2.9899898700e-01 -1.3845906000e+00
1108 1.1070100000e+01 -2.8515308100e-01 -3.0004900000e-02
1109 1.1080100000e+01 -2.8485303200e-01 -6.4063190000e-01
1110 1.1090100000e+01 -2.7844671300e-01 7.8013430000e-01
1111 1.1100100000e+01 -2.8624805600e-01 2.5331000000e-03
1112 1.1110100000e+01 -2.8627338700e-01 -1.4290119000e+00
1113 1.1120100000e+01 -2.7198326800e-01 -1.4999690000e-01
1114 1.1130100000e+01 -2.7048329900e-01 -7.5195630000e-01
1115 1.1140100000e+01 -2.6296373600e-01 6.9066150000e-01
1116 1.1150100000e+01 -2.6987035100e-01 -7.8265700000e-01
1117 1.1160100000e+01 -2.6204378100e-01 -9.1965030000e-01
1118 1.1170100000e+01 -2.5284727800e-01 2.2290520000e-01
1119 1.1180100000e+01 -2.5507633000e-01 -1.2684712000e+00
1120 1.1190100000e+01 -2.4239161800e-01 1.3371711000e+00
1121 1.1200100000e+01 -2.5576332900e-01 -8.0544890000e-01
1122 1.1210100000e+01 -2.4770884000e-01 -9.3876595000e-01
1123 1.1220100000e+01 -2.3832118050e-01 1.0052465000e-01
1124 1.1230100000e+01 -2.3932642700e-01 -6.0355630000e-01
1125 1.1240100000e+01 -2.3329086400e-01 6.0330730000e-01
1126 1.1250100000e+01 -2.3932393700e-01 -9.0243280000e-01
1127 1.1260100000e+01 -2.3029960900e-01 -5.2063600000e-01
1128 1.1270100000e+01 -2.2509324900e-01 -6.2258840000e-02
1129 1.1280100000e+01 -2.2447066060e-01 -5.9983746000e-01
1130 1.1290100000e+01 -2.1847228600e-01 -1.5094014000e+00
1131 1.1300100000e+01 -2.0337827200e-01 6.1491494000e-01
1132 1.1310100000e+01 -2.0952742140e-01 -8.2594490000e-02
1133 1.1320100000e+01 -2.0870147650e-01 2.0384605000e-01
1134 1.1330100000e+01 -2.1073993700e-01 -5.3763024000e-01
1135 1.1340100000e+01 -2.0536363460e-01 -7.7511660000e-02
1136 1.1350100000e+01 -2.0458851800e-01 -1.8665405000e+00
1137 1.1360100000e+01 -1.8592311300e-01 1.5491222000e+00
1138 1.1370100000e+01 -2.0141433500e-01 -7.8412284000e-01
1139 1.1380100000e+01 -1.9357310660e-01 8.1968690000e-02
1140 1.1390100000e+01 -1.9439279350e-01 -5.7271435000e-01
1141 1.1400100000e+01 -1.8866565000e-01 2.0285310000e-01
1142 1.1410100000e+01 -1.9069418100e-01 -9.3670270000e-01
1143 1.1420100000e+01 -1.8132715400e-01 -5.6983265000e-01
1144 1.1430100000e+01 -1.7562882750e-01 -4.7323725000e-01
1145 1.1440100000e+01 -1.7089645500e-01 4.6423480000e-01
1146 1.1450100000e+01 -1.7553880300e-01 -4.9939335000e-01
1147 1.1460100000e+01 -1.7054486950e-01 -6.3008875000e-01
1148 1.1470100000e+01 -1.6424398200e-01 1.4794189700e+00
1149 1.1480100000e+01 -1.7903817170e-01 -1.5744000700e+00
1150 1.1490100000e+01 -1.6329417100e-01 -2.0652414000e-01
1151 1.1500100000e+01 -1.6122892960e-01 -8.5310681000e-01
1152 1.1510100000e+01 -1.5269786150e-01 2.0192178000e-01
1153 1.1520100000e+01 -1.5471707930e-01 -7.7157830000e-02
1154 1.1530100000e+01 -1.5394550100e-01 -6.1832849000e-01
1155 1.1540100000e+01 -1.4776221610e-01 -2.4970749000e-01
1156 1.1550100000e+01 -1.4526514120e-01 2.4827958000e-01
1157 1.1560100000e+01 -1.4774793700e-01 -4.2993163000e-01
1158 1.1570100000e+01 -1.4344862070e-01 -4.2670838000e-01
1159 1.1580100000e+01 -1.3918153690e-01 -1.9348793000e-01
1160 1.1590100000e+01 -1.3724665760e-01 6.7596394000e-01
1161 1.1600100000e+01 -1.4400629700e-01 -1.4228981300e+00
1162 1.1610100000e+01 -1.2977731570e-01 6.1083295000e-01
1163 1.1620100000e+01 -1.3588564520e-01 -5.3830826000e-01
1164 1.1630100000e+01 -1.3050256260e-01 -1.0016117300e+00
1165 1.1640100000e+01 -1.2048644530e-01 -6.4231931600e-01
1166 1.1650100000e+01 -1.1406325214e-01 6.4264033600e-01
1167 1.1660100000e+01 -1.2048965550e-01 -6.7451858000e-01
1168 1.1670100000e+01 -1.1374446970e-01 -1.0563414900e+00
1169 1.1680100000e+01 -1.0318105480e-01 1.4458095000e+00
1170 1.1690100000e+01 -1.1763914980e-01 5.4336840000e-02
1171 1.1700100000e+01 -1.1818251820e-01 -1.0580733400e+00
1172 1.1710100000e+01 -1.0760178480e-01 -2.3516449000e-02
1173 1.1720100000e+01 -1.0736662031e-01 -2.4865732100e-01
1174 1.1730100000e+01 -1.0488004710e-01 -4.6404449000e-01
1175 1.1740100000e+01 -1.0023960220e-01 -5.4408475000e-01
1176 1.1750100000e+01 -9.4798754700e-02 1.7168271800e+00
1177 1.1760100000e+01 -1.1196702650e-01 -2.7336508600e+00
1178 1.1770100000e+01 -8.4630517900e-02 9.9253022000e-01
1179 1.1780100000e+01 -9.4555820100e-02 4.9075890000e-01
1180 1.1790100000e+01 -9.9463409100e-02 -8.8407460000e-01
1181 1.1800100000e+01 -9.0622663100e-02 -5.9508520000e-02
1182 1.1810100000e+01 -9.0027577900e-02 -2.8067117500e-01
1183 1.1820100000e+01 -8.7220866150e-02 5.2981909500e-01
1184 1.1830100000e+01 -9.2519057100e-02 -9.8091220500e-01
1185 1.1840100000e+01 -8.2709935050e-02 -2.5987791500e-01
1186 1.1850100000e+01 -8.0111155900e-02 -2.4594926000e-01
1187 1.1860100000e+01 -7.7651663300e-02 2.2945850000e-01
1188 1.1870100000e+01 -7.9946248300e-02 -1.3581390000e-02
1189 1.1880100000e+01 -7.9810434400e-02 -4.1823971000e-01
1190 1.1890100000e+01 -7.5628037300e-02 -8.9820714650e-01
1191 1.1900100000e+01 -6.6645965835e-02 1.2987604465e+00
1192 1.1910100000e+01 -7.9633570300e-02 -8.6918618000e-01
1193 1.1920100000e+01 -7.0941708500e-02 -1.1491186900e+00
1194 1.1930100000e+01 -5.9450521600e-02 -4.9645757200e-01
1195 1.1940100000e+01 -5.4485945880e-02 5.5340161740e-01
1196 1.1950100000e+01 -6.0019962054e-02 9.0626844600e-02
1197 1.1960100000e+01 -6.0926230500e-02 -6.2265609000e-01
1198 1.1970100000e+01 -5.4699669600e-02 -5.5666713000e-01
1199 1.1980100000e+01 -4.9132998300e-02 7.4420179700e-01
1200 1.1990100000e+01 -5.6575016270e-02 -5.9463304700e-01
1201 1.2000100000e+01 -5.0628685800e-02 -1.1144609870e+00
1202 1.2010100000e+01 -3.9484075930e-02 2.6660211700e-01
1203 1.2020100000e+01 -4.2150097100e-02 7.5845349000e-01
1204 1.2030100000e+01 -4.9734632000e-02 -7.4417046800e-01
1205 1.2040100000e+01 -4.2292927320e-02 7.3085531800e-01
1206 1.2050100000e+01 -4.9601480500e-02 -5.0136093300e-01
1207 1.2060100000e+01 -4.4587871170e-02 -9.6195013800e-01
1208 1.2070100000e+01 -3.4968369790e-02 8.4368020000e-03
1209 1.2080100000e+01 -3.5052737810e-02 1.8906993900e-01
1210 1.2090100000e+01 -3.6943437200e-02 1.2864618000e-01
1211 1.2100100000e+01 -3.8229899000e-02 -7.0609908000e-01
1212 1.2110100000e+01 -3.1168908200e-02 2.2843365400e-01
1213 1.2120100000e+01 -3.3453244740e-02 -1.3147257400e-01
1214 1.2130100000e+01 -3.2138519000e-02 -3.2833430000e-02
1215 1.2140100000e+01 -3.1810184700e-02 -1.1958117040e+00
1216 1.2150100000e+01 -1.9852067660e-02 6.7867355400e-01
1217 1.2160100000e+01 -2.6638803200e-02 -4.6758400000e-01
1218 1.2170100000e+01 -2.1962963200e-02 5.6988193060e-01
1219 1.2180100000e+01 -2.7661782506e-02 -1.0064727506e+00
1220 1.2190100000e+01 -1.7597055000e-02 7.1516555600e-01
1221 1.2200100000e+01 -2.4748710560e-02 -1.2179759890e+00
1222 1.2210100000e+01 -1.2568950670e-02 5.0212047300e-01
1223 1.2220100000e+01 -1.7590155400e-02 6.3818723500e-01
1224 1.2230100000e+01 -2.3972027750e-02 -3.5484250400e-01
1225 1.2240100000e+01 -2.0423602710e-02 -1.2464118210e+00
1226 1.2250100000e+01 -7.9594845000e-03 1.1466731900e+00
1227 1.2260100000e+01 -1.9426216400e-02 -1.6812718220e+00
1228 1.2270100000e+01 -2.6134981800e-03 5.2312103820e-01
1229 1.2280100000e+01 -7.8447085620e-03 4.5508321380e-01
1230 1.2290100000e+01 -1.2395540700e-02 -1.0396608870e+00
1231 1.2300100000e+01 -1.9989318300e-03 5.3140106300e-01
1232 1.2310100000e+01 -7.3129424600e-03 1.1428801242e+00
1233 1.2320100000e+01 -1.8741743702e-02 -1.6683238582e+00
1234 1.2330100000e+01 -2.0585051200e-03 6.7371113900e-01
1235 1.2340100000e+01 -8.7956165100e-03 -8.5130666050e-01
1236 1.2350100000e+01 -2.8254990500e-04 2.2603988050e-01
1237 1.2360100000e+01 -2.5429487100e-03 -2.1360022700e-01
1238 1.2370100000e+01 -4.0694644000e-04 -2.8200462400e-01
1239 1.2380100000e+01 2.4130998000e-03 3.6740869180e-01
1240 1.2390100000e+01 -1.2609871180e-03 4.6588358820e-01
1241 1.2400100000e+01 -5.9198230000e-03 -9.0480858000e-01
1242 1.2410100000e+01 3.1282628000e-03 -7.4788014000e-02
1243 1.2420100000e+01 3.8761429400e-03 3.4355440900e-01
1244 1.2430100000e+01 4.4059885000e-04 -4.5640351700e-01
1245 1.2440100000e+01 5.0046340200e-03 -6.6572909000e-01
1246 1.2450100000e+01 1.1661924920e-02 -3.9833639000e-02
1247 1.2460100000e+01 1.2060261310e-02 5.4928122880e-01
1248 1.2470100000e+01 6.5674490220e-03 -4.0073840480e-01
1249 1.2480100000e+01 1.0574833070e-02 -1.0497050476e+00
1250 1.2490100000e+01 2.1071883546e-02 2.0995127159e+00
1251 1.2500100000e+01 7.6756387000e-05 -1.0484171163e+00
1252 1.2510100000e+01 1.0560927550e-02 -4.9964055200e-01
1253 1.2520100000e+01 1.5557333070e-02 7.8856723700e-01
1254 1.2530100000e+01 7.6716607000e-03 -1.4746115360e+00
1255 1.2540100000e+01 2.2417776060e-02 8.6709536000e-02
1256 1.2550100000e+01 2.1550680700e-02 7.7441508900e-01
1257 1.2560100000e+01 1.3806529810e-02 -5.8985369900e-01
1258 1.2570100000e+01 1.9705066800e-02 2.3694509800e-01
1259 1.2580100000e+01 1.7335615820e-02 -6.5224869300e-01
1260 1.2590100000e+01 2.3858102750e-02 1.3489988806e+00
1261 1.2600100000e+01 1.0368113944e-02 -1.2274884406e+00
1262 1.2610100000e+01 2.2642998350e-02 6.1485500000e-04
1263 1.2620100000e+01 2.2636849800e-02 4.3323771000e-01
1264 1.2630100000e+01 1.8304472700e-02 -1.1002819500e+00
1265 1.2640100000e+01 2.9307292200e-02 7.2790471000e-01
1266 1.2650100000e+01 2.2028245100e-02 -5.2101550700e-01
1267 1.2660100000e+01 2.7238400170e-02 -9.7759568900e-01
1268 1.2670100000e+01 3.7014357060e-02 1.3906497320e+00
1269 1.2680100000e+01 2.3107859740e-02 7.7957364000e-03
1270 1.2690100000e+01 2.3029902376e-02 -1.9260008240e-01
1271 1.2700100000e+01 2.4955903200e-02 1.0788582080e-01
1272 1.2710100000e+01 2.3877044992e-02 -2.7004138080e-01
1273 1.2720100000e+01 2.6577458800e-02 4.6530108600e-01
1274 1.2730100000e+01 2.1924447940e-02 -1.4082780600e-01
1275 1.2740100000e+01 2.3332726000e-02 2.3234621000e-01
1276 1.2750100000e+01 2.1009263900e-02 -5.8547294000e-01
1277 1.2760100000e+01 2.6863993300e-02 -3.3403295500e-01
1278 1.2770100000e+01 3.0204322850e-02 -4.2111442900e-01
1279 1.2780100000e+01 3.4415467140e-02 4.4777005400e-01
1280 1.2790100000e+01 2.9937766600e-02 1.1565617000e-01
1281 1.2800100000e+01 2.8781204900e-02 -4.8772771000e-01
1282 1.2810100000e+01 3.3658482000e-02 2.3757935000e-01
1283 1.2820100000e+01 3.1282688500e-02 2.3341636700e-01
1284 1.2830100000e+01 2.8948524830e-02 -1.6122511900e-01
1285 1.2840100000e+01 3.0560776020e-02 -8.3198735600e-01
1286 1.2850100000e+01 3.8880649580e-02 9.8950417300e-01
1287 1.2860100000e+01 2.8985607850e-02 -1.3579961950e+00
1288 1.2870100000e+01 4.2565569800e-02 8.3144873000e-01
1289 1.2880100000e+01 3.4251082500e-02 2.5533364500e-01
1290 1.2890100000e+01 3.1697746050e-02 -1.0064697650e+00
1291 1.2900100000e+01 4.1762443700e-02 1.7232762150e+00
1292 1.2910100000e+01 2.4529681550e-02 -6.8458218600e-01
1293 1.2920100000e+01 3.1375503410e-02 -8.8557905500e-01
1294 1.2930100000e+01 4.0231293960e-02 1.7895561600e-01
1295 1.2940100000e+01 3.8441737800e-02 -7.2652302000e-02
1296 1.2950100000e+01 3.9168260820e-02 7.6188817200e-01
1297 1.2960100000e+01 3.1549379100e-02 -1.3240892100e+00
1298 1.2970100000e+01 4.4790271200e-02 1.4233337300e+00
1299 1.2980100000e+01 3.0556933900e-02 -7.6404812000e-01
1300 1.2990100000e+01 3.8197415100e-02 3.9841888000e-01
1301 1.3000100000e+01 3.4213226300e-02 -4.5856024000e-01
1302 1.3010100000e+01 3.8798828700e-02 5.7367591600e-01
1303 1.3020100000e+01 3.3062069540e-02 -1.0290098060e+00
1304 1.3030100000e+01 4.3352167600e-02 9.6557154200e-01
1305 1.3040100000e+01 3.3696452180e-02 -1.1481125420e+00
1306 1.3050100000e+01 4.5177577600e-02 3.3323960000e-01
1307 1.3060100000e+01 4.1845181600e-02 2.6873113000e-01
1308 1.3070100000e+01 3.9157870300e-02 1.7319354000e-01
1309 1.3080100000e+01 3.7425934900e-02 -3.0725356000e-01
1310 1.3090100000e+01 4.0498470500e-02 1.9806086700e-01
1311 1.3100100000e+01 3.8517861830e-02 -9.4944779700e-01
1312 1.3110100000e+01 4.8012339800e-02 1.0158590500e+00
1313 1.3120100000e+01 3.7853749300e-02 3.7824809000e-01
1314 1.3130100000e+01 3.4071268400e-02 5.0098314300e-01
1315 1.3140100000e+01 2.9061436970e-02 -2.4453086300e-01
1316 1.3150100000e+01 3.1506745600e-02 -4.5245032000e-01
1317 1.3160100000e+01 3.6031248800e-02 -1.4254188900e-01
1318 1.3170100000e+01 3.7456667690e-02 6.3673936000e-02
1319 1.3180100000e+01 3.6819928330e-02 1.7838063300e-01
1320 1.3190100000e+01 3.5036122000e-02 -6.9443878340e-01
1321 1.3200100000e+01 4.1980509834e-02 1.1170260640e-01
1322 1.3210100000e+01 4.0863483770e-02 9.1673178700e-01
1323 1.3220100000e+01 3.1696165900e-02 -5.0064286300e-01
1324 1.3230100000e+01 3.6702594530e-02 6.8400118300e-01
1325 1.3240100000e+01 2.9862582700e-02 -3.4134352000e-01
1326 1.3250100000e+01 3.3276017900e-02 -1.0680644620e+00
1327 1.3260100000e+01 4.3956662520e-02 3.2488194900e-01
1328 1.3270100000e+01 4.0707843030e-02 4.9200503300e-01
1329 1.3280100000e+01 3.5787792700e-02 2.4572847000e-01
1330 1.3290100000e+01 3.3330508000e-02 2.6572616200e-01
1331 1.3300100000e+01 3.0673246380e-02 -1.1529832670e+00
1332 1.3310100000e+01 4.2203079050e-02 6.5244244200e-01
1333 1.3320100000e+01 3.5678654630e-02 8.5214283000e-02
1334 1.3330100000e+01 3.4826511800e-02 4.3565397000e-01
1335 1.3340100000e+01 3.0469972100e-02 -1.0418755743e+00
1336 1.3350100000e+01 4.0888727843e-02 1.0204806443e+00
1337 1.3360100000e+01 3.0683921400e-02 9.3450955000e-02
1338 1.3370100000e+01 2.9749411850e-02 -1.0317850450e+00
1339 1.3380100000e+01 4.0067262300e-02 1.6188203600e-01
1340 1.3390100000e+01 3.8448441940e-02 9.8857441800e-01
1341 1.3400100000e+01 2.8562697760e-02 -2.6430481400e-01
1342 1.3410100000e+01 3.1205745900e-02 -5.6704510400e-01
1343 1.3420100000e+01 3.6876196940e-02 8.2784457783e-01
1344 1.3430100000e+01 2.8597751162e-02 4.3942321170e-02
1345 1.3440100000e+01 2.8158327950e-02 -4.0297337400e-01
1346 1.3450100000e+01 3.2188061690e-02 -1.7053211100e-01
1347 1.3460100000e+01 3.3893382800e-02 2.9695320000e-02
1348 1.3470100000e+01 3.3596429600e-02 2.2615403000e-01
1349 1.3480100000e+01 3.1334889300e-02 4.9369055000e-02
1350 1.3490100000e+01 3.0841198750e-02 -3.4963905000e-02
1351 1.3500100000e+01 3.1190837800e-02 3.7425200000e-03
1352 1.3510100000e+01 3.1153412600e-02 -1.2850547600e+00
1353 1.3520100000e+01 4.4003960200e-02 1.3035292530e+00
1354 1.3530100000e+01 3.0968667670e-02 2.3291833100e-01
1355 1.3540100000e+01 2.8639484360e-02 3.8262838000e-02
1356 1.3550100000e+01 2.8256855980e-02 1.9175700965e-01
1357 1.3560100000e+01 2.6339285884e-02 -1.6153997665e-01
1358 1.3570100000e+01 2.7954685650e-02 3.4546225500e-01
1359 1.3580100000e+01 2.4500063100e-02 -3.2488269400e-01
1360 1.3590100000e+01 2.7748890040e-02 -1.0493288200e-01
1361 1.3600100000e+01 2.8798218860e-02 5.3768560500e-01
1362 1.3610100000e+01 2.3421362810e-02 -1.6651012600e-01
1363 1.3620100000e+01 2.5086464070e-02 -5.3794064800e-01
1364 1.3630100000e+01 3.0465870550e-02 -8.2092035000e-02
1365 1.3640100000e+01 3.1286790900e-02 5.6635738400e-01
1366 1.3650100000e+01 2.5623217060e-02 2.3541686600e-01
1367 1.3660100000e+01 2.3269048400e-02 5.0141305000e-02
1368 1.3670100000e+01 2.2767635350e-02 7.1528925200e-01
1369 1.3680100000e+01 1.5614742830e-02 1.6140796500e-01
1370 1.3690100000e+01 1.4000663180e-02 -7.9502203500e-01
1371 1.3700100000e+01 2.1950883530e-02 5.8638204000e-02
1372 1.3710100000e+01 2.1364501490e-02 5.3195255500e-01
1373 1.3720100000e+01 1.6044975940e-02 -7.8097864600e-01
1374 1.3730100000e+01 2.3854762400e-02 3.7174451500e-01
1375 1.3740100000e+01 2.0137317250e-02 -7.0893071100e-01
1376 1.3750100000e+01 2.7226624360e-02 4.5031047500e-01
1377 1.3760100000e+01 2.2723519610e-02 4.3396775590e-01
1378 1.3770100000e+01 1.8383842051e-02 -8.6566011490e-01
1379 1.3780100000e+01 2.7040443200e-02 1.1470671390e+00
1380 1.3790100000e+01 1.5569771810e-02 -9.3037004900e-01
1381 1.3800100000e+01 2.4873472300e-02 4.5203730300e-01
1382 1.3810100000e+01 2.0353099270e-02 1.7496255600e-01
1383 1.3820100000e+01 1.8603473710e-02 -3.4758586400e-01
1384 1.3830100000e+01 2.2079332350e-02 1.8028090000e-03
1385 1.3840100000e+01 2.2061304260e-02 7.1289074800e-01
1386 1.3850100000e+01 1.4932396780e-02 6.6896528500e-01
1387 1.3860100000e+01 8.2427439300e-03 -6.7956988400e-01
1388 1.3870100000e+01 1.5038442770e-02 8.7102103000e-02
1389 1.3880100000e+01 1.4167421740e-02 1.5555093700e-01
1390 1.3890100000e+01 1.2611912370e-02 -8.9401796150e-01
1391 1.3900100000e+01 2.1552091985e-02 2.4046707550e-01
1392 1.3910100000e+01 1.9147421230e-02 3.0616483300e-01
1393 1.3920100000e+01 1.6085772900e-02 -5.3733808000e-01
1394 1.3930100000e+01 2.1459153700e-02 2.6000015400e-01
1395 1.3940100000e+01 1.8859152160e-02 2.1429673600e-01
1396 1.3950100000e+01 1.6716184800e-02 4.4450053600e-01
1397 1.3960100000e+01 1.2271179440e-02 -1.7108402830e-01
1398 1.3970100000e+01 1.3982019723e-02 3.0597526530e-01
1399 1.3980100000e+01 1.0922267070e-02 -1.4797003930e+00
1400 1.3990100000e+01 2.5719271000e-02 1.1487553530e+00
1401 1.4000100000e+01 1.4231717470e-02 2.5870443900e-01
1402 1.4010100000e+01 1.1644673080e-02 1.1387500609e+00
1403 1.4020100000e+01 2.5717247100e-04 -7.7510581290e-01
1404 1.4030100000e+01 8.0082306000e-03 6.5888226400e-01
1405 1.4040100000e+01 1.4194079600e-03 -3.5210766050e-01
1406 1.4050100000e+01 4.9404845650e-03 -6.0196036530e-01
1407 1.4060100000e+01 1.0960088218e-02 5.2582436180e-01
1408 1.4070100000e+01 5.7018446000e-03 -2.2390893500e-01
1409 1.4080100000e+01 7.9409339500e-03 -6.4952500000e-04
1410 1.4090100000e+01 7.9474292000e-03 3.1918991100e-01
1411 1.4100100000e+01 4.7555300900e-03 2.6781780900e-01
1412 1.4110100000e+01 2.0773520000e-03 -1.3318392280e+00
1413 1.4120100000e+01 1.5395744280e-02 1.5202840840e+00
1414 1.4130100000e+01 1.9290344000e-04 -1.1471199560e+00
1415 1.4140100000e+01 1.1664103000e-02 7.5836093000e-01
1416 1.4150100000e+01 4.0804937000e-03 4.4638830000e-02
1417 1.4160100000e+01 3.6341054000e-03 -2.2137970100e-01
1418 1.4170100000e+01 5.8479024100e-03 2.2464516700e-01
1419 1.4180100000e+01 3.6014507400e-03 -1.3157164550e-01
1420 1.4190100000e+01 4.9171671950e-03 -4.3340707640e-02
1421 1.4200100000e+01 5.3505742714e-03 5.1985402914e-01
1422 1.4210100000e+01 1.5203398000e-04 8.9644221700e-01
1423 1.4220100000e+01 -8.8123881900e-03 -3.4840900020e-01
1424 1.4230100000e+01 -5.3282981880e-03 -8.2905598980e-01
1425 1.4240100000e+01 2.9622617100e-03 -1.3765005900e-01
1426 1.4250100000e+01 4.3387623000e-03 -5.5920998080e-01
1427 1.4260100000e+01 9.9308621080e-03 1.6990406598e+00
1428 1.4270100000e+01 -7.0595444900e-03 1.9030301000e-02
1429 1.4280100000e+01 -7.2498475000e-03 -9.8554846700e-01
1430 1.4290100000e+01 2.6056371700e-03 -3.4436814000e-01
1431 1.4300100000e+01 6.0493185700e-03 -5.7826299000e-01
1432 1.4310100000e+01 1.1831948470e-02 1.1629303910e+00
1433 1.4320100000e+01 2.0264456000e-04 -6.9778957000e-01
1434 1.4330100000e+01 7.1805402600e-03 6.7122067710e-01
1435 1.4340100000e+01 4.6833348900e-04 2.8792150840e-01
1436 1.4350100000e+01 -2.4108815950e-03 -3.9456112950e-01
1437 1.4360100000e+01 1.5347297000e-03 6.8355225000e-01
1438 1.4370100000e+01 -5.3007928000e-03 -6.5465254830e-01
1439 1.4380100000e+01 1.2457326830e-03 3.3899971030e-01
1440 1.4390100000e+01 -2.1442644200e-03 -3.5368447300e-01
1441 1.4400100000e+01 1.3925803100e-03 4.5480775100e-01
1442 1.4410100000e+01 -3.1554972000e-03 3.7258924400e-01
1443 1.4420100000e+01 -6.8813896400e-03 -5.9254596000e-01
1444 1.4430100000e+01 -9.5593004000e-04 4.7602102000e-01
1445 1.4440100000e+01 -5.7161402400e-03 -3.6299016800e-01
1446 1.4450100000e+01 -2.0862385600e-03 7.6703812700e-01
1447 1.4460100000e+01 -9.7566198300e-03 -6.5923315900e-01
1448 1.4470100000e+01 -3.1642882400e-03 5.4259142100e-01
1449 1.4480100000e+01 -8.5902024500e-03 9.8892465960e-02
1450 1.4490100000e+01 -9.5791271096e-03 -4.5193976096e-01
1451 1.4500100000e+01 -5.0597295000e-03 -6.7455245600e-02
1452 1.4510100000e+01 -4.3851770440e-03 -7.3010868400e-02
1453 1.4520100000e+01 -3.6550683600e-03 -5.6454455500e-01
1454 1.4530100000e+01 1.9903771900e-03 1.1049968300e-01
1455 1.4540100000e+01 8.8538036000e-04 4.8595341000e-01
1456 1.4550100000e+01 -3.9741537400e-03 2.4696430000e-02
1457 1.4560100000e+01 -4.2211180400e-03 -2.7131358400e-01
1458 1.4570100000e+01 -1.5079822000e-03 3.1338359900e-01
1459 1.4580100000e+01 -4.6418181900e-03 2.5276487850e-01
1460 1.4590100000e+01 -7.1694669750e-03 5.6990044500e-02
1461 1.4600100000e+01 -7.7393674200e-03 3.2641246600e-01
1462 1.4610100000e+01 -1.1003492080e-02 -3.9635180900e-01
1463 1.4620100000e+01 -7.0399739900e-03 -3.7282890230e-01
1464 1.4630100000e+01 -3.3116849670e-03 7.3222513300e-02
1465 1.4640100000e+01 -4.0439101000e-03 -4.8609556520e-02
1466 1.4650100000e+01 -3.5578145348e-03 1.8050210982e-01
1467 1.4660100000e+01 -5.3628356330e-03 2.1386635570e-01
1468 1.4670100000e+01 -7.5014991900e-03 -3.3367214130e-01
1469 1.4680100000e+01 -4.1647777770e-03 3.1525712910e-01
1470 1.4690100000e+01 -7.3173490680e-03 -6.2754161980e-01
1471 1.4700100000e+01 -1.0419328700e-03 4.9011006800e-01
1472 1.4710100000e+01 -5.9430335500e-03 -9.2800147690e-02
1473 1.4720100000e+01 -5.0150320731e-03 3.0541326069e-01
1474 1.4730100000e+01 -8.0691646800e-03 -3.5413473900e-01
1475 1.4740100000e+01 -4.5278172900e-03 -5.1766075240e-02
1476 1.4750100000e+01 -4.0101565376e-03 -7.8805228376e-01
1477 1.4760100000e+01 3.8703663000e-03 1.1348554330e+00
1478 1.4770100000e+01 -7.4781880300e-03 7.7441355500e-01
1479 1.4780100000e+01 -1.5222323580e-02 -8.1128675400e-01
1480 1.4790100000e+01 -7.1094560400e-03 -3.0065752700e-02
1481 1.4800100000e+01 -6.8087985130e-03 1.2588643670e-01
1482 1.4810100000e+01 -8.0676628800e-03 -1.0207931500e-01
1483 1.4820100000e+01 -7.0468697300e-03 -1.0028023670e+00
1484 1.4830100000e+01 2.9811539400e-03 9.9096213000e-02
1485 1.4840100000e+01 1.9901918100e-03 6.8009532100e-01
1486 1.4850100000e+01 -4.8107614000e-03 5.9371204900e-01
1487 1.4860100000e+01 -1.0747881890e-02 -1.2471092000e-01
1488 1.4870100000e+01 -9.5007726900e-03 1.6121264283e-01
1489 1.4880100000e+01 -1.1112899118e-02 -5.7064080083e-01
1490 1.4890100000e+01 -5.4064911100e-03 -3.3467711536e-01
1491 1.4900100000e+01 -2.0597199564e-03 1.0695203766e-01
1492 1.4910100000e+01 -3.1292403330e-03 1.7326934780e-01
1493 1.4920100000e+01 -4.8619338110e-03 -3.9928270000e-02
1494 1.4930100000e+01 -4.4626511110e-03 6.8729621690e-01
1495 1.4940100000e+01 -1.1335613280e-02 -7.0191206000e-02
1496 1.4950100000e+01 -1.0633701220e-02 -3.3404253400e-01
1497 1.4960100000e+01 -7.2932758800e-03 -5.5820801200e-01
1498 1.4970100000e+01 -1.7111957600e-03 3.6976167510e-01
1499 1.4980100000e+01 -5.4088125110e-03 -2.5544518370e-01
1500 1.4990100000e+01 -2.8543606740e-03 2.9707475560e-01
1501 1.5000100000e+01 -5.8251082300e-03 1.3397268900e-01
1502 1.5010100000e+01 -7.1648351200e-03 -1.8096629110e+00
1503 1.5020100000e+01 1.0931793990e-02 1.6750301810e+00
1504 1.5030100000e+01 -5.8185078200e-03 2.2983154080e-01
1505 1.5040100000e+01 -8.1168232280e-03 -2.3365437460e-01
1506 1.5050100000e+01 -5.7802794820e-03 1.6460834730e-01
1507 1.5060100000e+01 -7.4263629550e-03 -3.3027661250e-01
1508 1.5070100000e+01 -4.1235968300e-03 -5.6706457100e-01
1509 1.5080100000e+01 1.5470488800e-03 -2.5106535320e-01
1510 1.5090100000e+01 4.0577024120e-03 -1.0099440680e-01
1511 1.5100100000e+01 5.0676464800e-03 9.8213020600e-01
1512 1.5110100000e+01 -4.7536555800e-03 -1.6522461200e-01
1513 1.5120100000e+01 -3.1014094600e-03 1.9373342560e-01
1514 1.5130100000e+01 -5.0387437160e-03 -2.9592609520e-01
1515 1.5140100000e+01 -2.0794827640e-03 8.8108447600e-02
1516 1.5150100000e+01 -2.9605672400e-03 -1.8012828160e-01
1517 1.5160100000e+01 -1.1592844240e-03 4.6434848340e-01
1518 1.5170100000e+01 -5.8027692580e-03 3.4843205320e-01
1519 1.5180100000e+01 -9.2870897900e-03 -7.6277365400e-01
1520 1.5190100000e+01 -1.6593532500e-03 -4.4423871100e-01
1521 1.5200100000e+01 2.7830338600e-03 5.0133802400e-01
1522 1.5210100000e+01 -2.2303463800e-03 5.3013188600e-02
1523 1.5220100000e+01 -2.7604782660e-03 -3.5787398760e-01
1524 1.5230100000e+01 8.1826161000e-04 -2.2784767800e-01
1525 1.5240100000e+01 3.0967383900e-03 2.1920870400e-01
1526 1.5250100000e+01 9.0465135000e-04 4.9892776160e-01
1527 1.5260100000e+01 -4.0846262660e-03 5.6409520270e-01
1528 1.5270100000e+01 -9.7255782930e-03 -1.2059635843e+00
1529 1.5280100000e+01 2.3340575500e-03 5.8995373300e-01
1530 1.5290100000e+01 -3.5654797800e-03 -1.2497991940e-01
1531 1.5300100000e+01 -2.3156805860e-03 9.6712996400e-02
1532 1.5310100000e+01 -3.2828105500e-03 -5.8559419400e-01
1533 1.5320100000e+01 2.5731313900e-03 3.2223201000e-02
1534 1.5330100000e+01 2.2508993800e-03 -5.8623052700e-01
1535 1.5340100000e+01 8.1132046500e-03 -1.6089405300e-01
1536 1.5350100000e+01 9.7221451800e-03 9.2117594200e-01
1537 1.5360100000e+01 5.1038576000e-04 7.6370276300e-01
1538 1.5370100000e+01 -7.1266418700e-03 -3.2088887800e-01
1539 1.5380100000e+01 -3.9177530900e-03 2.5871897000e-01
1540 1.5390100000e+01 -6.5049427900e-03 -5.9305326140e-01
1541 1.5400100000e+01 -5.7441017600e-04 6.9011135640e-01
1542 1.5410100000e+01 -7.4755237400e-03 4.1261090000e-03
1543 1.5420100000e+01 -7.5167848300e-03 -3.9422188300e-01
1544 1.5430100000e+01 -3.5745660000e-03 -3.1113757000e-02
1545 1.5440100000e+01 -3.2634284300e-03 4.7903038937e-01
1546 1.5450100000e+01 -8.0537323237e-03 -9.3896687077e-01
1547 1.5460100000e+01 1.3359363840e-03 1.9999752240e-01
1548 1.5470100000e+01 -6.6403884000e-04 1.2208653240e-01
1549 1.5480100000e+01 -1.8849041640e-03 -3.9854332800e-01
1550 1.5490100000e+01 2.1005291160e-03 -0.0000000000e+00
