VOTCA
N 1550 R 0.000100 15.500000

1 1.0000000002e-04 3.0719109116e+03 1.0000000000e+03
2 1.0100000000e-02 3.0619109116e+03 1.0000000000e+03
3 2.0100000000e-02 3.0519109116e+03 1.0000000000e+03
4 3.0100000000e-02 3.0419109116e+03 1.0000000000e+03
5 4.0100000000e-02 3.0319109116e+03 1.0000000000e+03
6 5.0100000000e-02 3.0219109116e+03 1.0000000000e+03
7 6.0100000000e-02 3.0119109116e+03 1.0000000000e+03
8 7.0100000000e-02 3.0019109116e+03 1.0000000000e+03
9 8.0100000000e-02 2.9919109116e+03 1.0000000000e+03
10 9.0100000000e-02 2.9819109116e+03 1.0000000000e+03
11 1.0010000000e-01 2.9719109116e+03 1.0000000000e+03
12 1.1010000000e-01 2.9619109116e+03 1.0000000000e+03
13 1.2010000000e-01 2.9519109116e+03 1.0000000000e+03
14 1.3010000000e-01 2.9419109116e+03 1.0000000000e+03
15 1.4010000000e-01 2.9319109116e+03 1.0000000000e+03
16 1.5010000000e-01 2.9219109116e+03 1.0000000000e+03
17 1.6010000000e-01 2.9119109116e+03 1.0000000000e+03
18 1.7010000000e-01 2.9019109116e+03 1.0000000000e+03
19 1.8010000000e-01 2.8919109116e+03 1.0000000000e+03
20 1.9010000000e-01 2.8819109116e+03 1.0000000000e+03
21 2.0010000000e-01 2.8719109116e+03 1.0000000000e+03
22 2.1010000000e-01 2.8619109116e+03 1.0000000000e+03
23 2.2010000000e-01 2.8519109116e+03 1.0000000000e+03
24 2.3010000000e-01 2.8419109116e+03 1.0000000000e+03
25 2.4010000000e-01 2.8319109116e+03 1.0000000000e+03
26 2.5010000000e-01 2.8219109116e+03 1.0000000000e+03
27 2.6010000000e-01 2.8119109116e+03 1.0000000000e+03
28 2.7010000000e-01 2.8019109116e+03 1.0000000000e+03
29 2.8010000000e-01 2.7919109116e+03 1.0000000000e+03
30 2.9010000000e-01 2.7819109116e+03 1.0000000000e+03
31 3.0010000000e-01 2.7719109116e+03 1.0000000000e+03
32 3.1010000000e-01 2.7619109116e+03 1.0000000000e+03
33 3.2010000000e-01 2.7519109116e+03 1.0000000000e+03
34 3.3010000000e-01 2.7419109116e+03 1.0000000000e+03
35 3.4010000000e-01 2.7319109116e+03 1.0000000000e+03
36 3.5010000000e-01 2.7219109116e+03 1.0000000000e+03
37 3.6010000000e-01 2.7119109116e+03 1.0000000000e+03
38 3.7010000000e-01 2.7019109116e+03 1.0000000000e+03
39 3.8010000000e-01 2.6919109116e+03 1.0000000000e+03
40 3.9010000000e-01 2.6819109116e+03 1.0000000000e+03
41 4.0010000000e-01 2.6719109116e+03 1.0000000000e+03
42 4.1010000000e-01 2.6619109116e+03 1.0000000000e+03
43 4.2010000000e-01 2.6519109116e+03 1.0000000000e+03
44 4.3010000000e-01 2.6419109116e+03 1.0000000000e+03
45 4.4010000000e-01 2.6319109116e+03 1.0000000000e+03
46 4.5010000000e-01 2.6219109116e+03 1.0000000000e+03
47 4.6010000000e-01 2.6119109116e+03 1.0000000000e+03
48 4.7010000000e-01 2.6019109116e+03 1.0000000000e+03
49 4.8010000000e-01 2.5919109116e+03 1.0000000000e+03
50 4.9010000000e-01 2.5819109116e+03 1.0000000000e+03
51 5.0010000000e-01 2.5719109116e+03 1.0000000000e+03
52 5.1010000000e-01 2.5619109116e+03 1.0000000000e+03
53 5.2010000000e-01 2.5519109116e+03 1.0000000000e+03
54 5.3010000000e-01 2.5419109116e+03 1.0000000000e+03
55 5.4010000000e-01 2.5319109116e+03 1.0000000000e+03
56 5.5010000000e-01 2.5219109116e+03 1.0000000000e+03
57 5.6010000000e-01 2.5119109116e+03 1.0000000000e+03
58 5.7010000000e-01 2.5019109116e+03 1.0000000000e+03
59 5.8010000000e-01 2.4919109116e+03 1.0000000000e+03
60 5.9010000000e-01 2.4819109116e+03 1.0000000000e+03
61 6.0010000000e-01 2.4719109116e+03 1.0000000000e+03
62 6.1010000000e-01 2.4619109116e+03 1.0000000000e+03
63 6.2010000000e-01 2.4519109116e+03 1.0000000000e+03
64 6.3010000000e-01 2.4419109116e+03 1.0000000000e+03
65 6.4010000000e-01 2.4319109116e+03 1.0000000000e+03
66 6.5010000000e-01 2.4219109116e+03 1.0000000000e+03
67 6.6010000000e-01 2.4119109116e+03 1.0000000000e+03
68 6.7010000000e-01 2.4019109116e+03 1.0000000000e+03
69 6.8010000000e-01 2.3919109116e+03 1.0000000000e+03
70 6.9010000000e-01 2.3819109116e+03 1.0000000000e+03
71 7.0010000000e-01 2.3719109116e+03 1.0000000000e+03
72 7.1010000000e-01 2.3619109116e+03 1.0000000000e+03
73 7.2010000000e-01 2.3519109116e+03 1.0000000000e+03
74 7.3010000000e-01 2.3419109116e+03 1.0000000000e+03
75 7.4010000000e-01 2.3319109116e+03 1.0000000000e+03
76 7.5010000000e-01 2.3219109116e+03 1.0000000000e+03
77 7.6010000000e-01 2.3119109116e+03 1.0000000000e+03
78 7.7010000000e-01 2.3019109116e+03 1.0000000000e+03
79 7.8010000000e-01 2.2919109116e+03 1.0000000000e+03
80 7.9010000000e-01 2.2819109116e+03 1.0000000000e+03
81 8.0010000000e-01 2.2719109116e+03 1.0000000000e+03
82 8.1010000000e-01 2.2619109116e+03 1.0000000000e+03
83 8.2010000000e-01 2.2519109116e+03 1.0000000000e+03
84 8.3010000000e-01 2.2419109116e+03 1.0000000000e+03
85 8.4010000000e-01 2.2319109116e+03 1.0000000000e+03
86 8.5010000000e-01 2.2219109116e+03 1.0000000000e+03
87 8.6010000000e-01 2.2119109116e+03 1.0000000000e+03
88 8.7010000000e-01 2.2019109116e+03 1.0000000000e+03
89 8.8010000000e-01 2.1919109116e+03 1.0000000000e+03
90 8.9010000000e-01 2.1819109116e+03 1.0000000000e+03
91 9.0010000000e-01 2.1719109116e+03 1.0000000000e+03
92 9.1010000000e-01 2.1619109116e+03 1.0000000000e+03
93 9.2010000000e-01 2.1519109116e+03 1.0000000000e+03
94 9.3010000000e-01 2.1419109116e+03 1.0000000000e+03
95 9.4010000000e-01 2.1319109116e+03 1.0000000000e+03
96 9.5010000000e-01 2.1219109116e+03 1.0000000000e+03
97 9.6010000000e-01 2.1119109116e+03 1.0000000000e+03
98 9.7010000000e-01 2.1019109116e+03 1.0000000000e+03
99 9.8010000000e-01 2.0919109116e+03 1.0000000000e+03
100 9.9010000000e-01 2.0819109116e+03 1.0000000000e+03
101 1.0001000000e+00 2.0719109116e+03 1.0000000000e+03
102 1.0101000000e+00 2.0619109116e+03 1.0000000000e+03
103 1.0201000000e+00 2.0519109116e+03 1.0000000000e+03
104 1.0301000000e+00 2.0419109116e+03 1.0000000000e+03
105 1.0401000000e+00 2.0319109116e+03 1.0000000000e+03
106 1.0501000000e+00 2.0219109116e+03 1.0000000000e+03
107 1.0601000000e+00 2.0119109116e+03 1.0000000000e+03
108 1.0701000000e+00 2.0019109116e+03 1.0000000000e+03
109 1.0801000000e+00 1.9919109116e+03 1.0000000000e+03
110 1.0901000000e+00 1.9819109116e+03 1.0000000000e+03
111 1.1001000000e+00 1.9719109116e+03 1.0000000000e+03
112 1.1101000000e+00 1.9619109116e+03 1.0000000000e+03
113 1.1201000000e+00 1.9519109116e+03 1.0000000000e+03
114 1.1301000000e+00 1.9419109116e+03 1.0000000000e+03
115 1.1401000000e+00 1.9319109116e+03 1.0000000000e+03
116 1.1501000000e+00 1.9219109116e+03 1.0000000000e+03
117 1.1601000000e+00 1.9119109116e+03 1.0000000000e+03
118 1.1701000000e+00 1.9019109116e+03 1.0000000000e+03
119 1.1801000000e+00 1.8919109116e+03 1.0000000000e+03
120 1.1901000000e+00 1.8819109116e+03 1.0000000000e+03
121 1.2001000000e+00 1.8719109116e+03 1.0000000000e+03
122 1.2101000000e+00 1.8619109116e+03 1.0000000000e+03
123 1.2201000000e+00 1.8519109116e+03 1.0000000000e+03
124 1.2301000000e+00 1.8419109116e+03 1.0000000000e+03
125 1.2401000000e+00 1.8319109116e+03 1.0000000000e+03
126 1.2501000000e+00 1.8219109116e+03 1.0000000000e+03
127 1.2601000000e+00 1.8119109116e+03 1.0000000000e+03
128 1.2701000000e+00 1.8019109116e+03 1.0000000000e+03
129 1.2801000000e+00 1.7919109116e+03 1.0000000000e+03
130 1.2901000000e+00 1.7819109116e+03 1.0000000000e+03
131 1.3001000000e+00 1.7719109116e+03 1.0000000000e+03
132 1.3101000000e+00 1.7619109116e+03 1.0000000000e+03
133 1.3201000000e+00 1.7519109116e+03 1.0000000000e+03
134 1.3301000000e+00 1.7419109116e+03 1.0000000000e+03
135 1.3401000000e+00 1.7319109116e+03 1.0000000000e+03
136 1.3501000000e+00 1.7219109116e+03 1.0000000000e+03
137 1.3601000000e+00 1.7119109116e+03 1.0000000000e+03
138 1.3701000000e+00 1.7019109116e+03 1.0000000000e+03
139 1.3801000000e+00 1.6919109116e+03 1.0000000000e+03
140 1.3901000000e+00 1.6819109116e+03 1.0000000000e+03
141 1.4001000000e+00 1.6719109116e+03 1.0000000000e+03
142 1.4101000000e+00 1.6619109116e+03 1.0000000000e+03
143 1.4201000000e+00 1.6519109116e+03 1.0000000000e+03
144 1.4301000000e+00 1.6419109116e+03 1.0000000000e+03
145 1.4401000000e+00 1.6319109116e+03 1.0000000000e+03
146 1.4501000000e+00 1.6219109116e+03 1.0000000000e+03
147 1.4601000000e+00 1.6119109116e+03 1.0000000000e+03
148 1.4701000000e+00 1.6019109116e+03 1.0000000000e+03
149 1.4801000000e+00 1.5919109116e+03 1.0000000000e+03
150 1.4901000000e+00 1.5819109116e+03 1.0000000000e+03
151 1.5001000000e+00 1.5719109116e+03 1.0000000000e+03
152 1.5101000000e+00 1.5619109116e+03 1.0000000000e+03
153 1.5201000000e+00 1.5519109116e+03 1.0000000000e+03
154 1.5301000000e+00 1.5419109116e+03 1.0000000000e+03
155 1.5401000000e+00 1.5319109116e+03 1.0000000000e+03
156 1.5501000000e+00 1.5219109116e+03 1.0000000000e+03
157 1.5601000000e+00 1.5119109116e+03 1.0000000000e+03
158 1.5701000000e+00 1.5019109116e+03 1.0000000000e+03
159 1.5801000000e+00 1.4919109116e+03 1.0000000000e+03
160 1.5901000000e+00 1.4819109116e+03 1.0000000000e+03
161 1.6001000000e+00 1.4719109116e+03 1.0000000000e+03
162 1.6101000000e+00 1.4619109116e+03 1.0000000000e+03
163 1.6201000000e+00 1.4519109116e+03 1.0000000000e+03
164 1.6301000000e+00 1.4419109116e+03 1.0000000000e+03
165 1.6401000000e+00 1.4319109116e+03 1.0000000000e+03
166 1.6501000000e+00 1.4219109116e+03 1.0000000000e+03
167 1.6601000000e+00 1.4119109116e+03 1.0000000000e+03
168 1.6701000000e+00 1.4019109116e+03 1.0000000000e+03
169 1.6801000000e+00 1.3919109116e+03 1.0000000000e+03
170 1.6901000000e+00 1.3819109116e+03 1.0000000000e+03
171 1.7001000000e+00 1.3719109116e+03 1.0000000000e+03
172 1.7101000000e+00 1.3619109116e+03 1.0000000000e+03
173 1.7201000000e+00 1.3519109116e+03 1.0000000000e+03
174 1.7301000000e+00 1.3419109116e+03 1.0000000000e+03
175 1.7401000000e+00 1.3319109116e+03 1.0000000000e+03
176 1.7501000000e+00 1.3219109116e+03 1.0000000000e+03
177 1.7601000000e+00 1.3119109116e+03 1.0000000000e+03
178 1.7701000000e+00 1.3019109116e+03 1.0000000000e+03
179 1.7801000000e+00 1.2919109116e+03 1.0000000000e+03
180 1.7901000000e+00 1.2819109116e+03 1.0000000000e+03
181 1.8001000000e+00 1.2719109116e+03 1.0000000000e+03
182 1.8101000000e+00 1.2619109116e+03 1.0000000000e+03
183 1.8201000000e+00 1.2519109116e+03 1.0000000000e+03
184 1.8301000000e+00 1.2419109116e+03 1.0000000000e+03
185 1.8401000000e+00 1.2319109116e+03 1.0000000000e+03
186 1.8501000000e+00 1.2219109116e+03 1.0000000000e+03
187 1.8601000000e+00 1.2119109116e+03 1.0000000000e+03
188 1.8701000000e+00 1.2019109116e+03 1.0000000000e+03
189 1.8801000000e+00 1.1919109116e+03 1.0000000000e+03
190 1.8901000000e+00 1.1819109116e+03 1.0000000000e+03
191 1.9001000000e+00 1.1719109116e+03 1.0000000000e+03
192 1.9101000000e+00 1.1619109116e+03 1.0000000000e+03
193 1.9201000000e+00 1.1519109116e+03 1.0000000000e+03
194 1.9301000000e+00 1.1419109116e+03 1.0000000000e+03
195 1.9401000000e+00 1.1319109116e+03 1.0000000000e+03
196 1.9501000000e+00 1.1219109116e+03 1.0000000000e+03
197 1.9601000000e+00 1.1119109116e+03 1.0000000000e+03
198 1.9701000000e+00 1.1019109116e+03 1.0000000000e+03
199 1.9801000000e+00 1.0919109116e+03 1.0000000000e+03
200 1.9901000000e+00 1.0819109116e+03 1.0000000000e+03
201 2.0001000000e+00 1.0719109116e+03 1.0000000000e+03
202 2.0101000000e+00 1.0619109116e+03 1.0000000000e+03
203 2.0201000000e+00 1.0519109116e+03 1.0000000000e+03
204 2.0301000000e+00 1.0419109116e+03 1.0000000000e+03
205 2.0401000000e+00 1.0319109116e+03 1.0000000000e+03
206 2.0501000000e+00 1.0219109116e+03 1.0000000000e+03
207 2.0601000000e+00 1.0119109116e+03 1.0000000000e+03
208 2.0701000000e+00 1.0019109116e+03 1.0000000000e+03
209 2.0801000000e+00 9.9191091162e+02 1.0000000000e+03
210 2.0901000000e+00 9.8191091162e+02 1.0000000000e+03
211 2.1001000000e+00 9.7191091162e+02 1.0000000000e+03
212 2.1101000000e+00 9.6191091162e+02 1.0000000000e+03
213 2.1201000000e+00 9.5191091162e+02 1.0000000000e+03
214 2.1301000000e+00 9.4191091162e+02 1.0000000000e+03
215 2.1401000000e+00 9.3191091162e+02 1.0000000000e+03
216 2.1501000000e+00 9.2191091162e+02 1.0000000000e+03
217 2.1601000000e+00 9.1191091162e+02 1.0000000000e+03
218 2.1701000000e+00 9.0191091162e+02 1.0000000000e+03
219 2.1801000000e+00 8.9191091162e+02 1.0000000000e+03
220 2.1901000000e+00 8.8191091162e+02 1.0000000000e+03
221 2.2001000000e+00 8.7191091162e+02 1.0000000000e+03
222 2.2101000000e+00 8.6191091162e+02 1.0000000000e+03
223 2.2201000000e+00 8.5191091162e+02 1.0000000000e+03
224 2.2301000000e+00 8.4191091162e+02 1.0000000000e+03
225 2.2401000000e+00 8.3191091162e+02 1.0000000000e+03
226 2.2501000000e+00 8.2191091162e+02 1.0000000000e+03
227 2.2601000000e+00 8.1191091162e+02 1.0000000000e+03
228 2.2701000000e+00 8.0191091162e+02 1.0000000000e+03
229 2.2801000000e+00 7.9191091162e+02 1.0000000000e+03
230 2.2901000000e+00 7.8191091162e+02 1.0000000000e+03
231 2.3001000000e+00 7.7191091162e+02 1.0000000000e+03
232 2.3101000000e+00 7.6191091162e+02 1.0000000000e+03
233 2.3201000000e+00 7.5191091162e+02 1.0000000000e+03
234 2.3301000000e+00 7.4191091162e+02 1.0000000000e+03
235 2.3401000000e+00 7.3191091162e+02 1.0000000000e+03
236 2.3501000000e+00 7.2191091162e+02 1.0000000000e+03
237 2.3601000000e+00 7.1191091162e+02 1.0000000000e+03
238 2.3701000000e+00 7.0191091162e+02 1.0000000000e+03
239 2.3801000000e+00 6.9191091162e+02 1.0000000000e+03
240 2.3901000000e+00 6.8191091162e+02 1.0000000000e+03
241 2.4001000000e+00 6.7191091162e+02 1.0000000000e+03
242 2.4101000000e+00 6.6191091162e+02 1.0000000000e+03
243 2.4201000000e+00 6.5191091162e+02 1.0000000000e+03
244 2.4301000000e+00 6.4191091162e+02 1.0000000000e+03
245 2.4401000000e+00 6.3191091162e+02 1.0000000000e+03
246 2.4501000000e+00 6.2191091162e+02 1.0000000000e+03
247 2.4601000000e+00 6.1191091162e+02 1.0000000000e+03
248 2.4701000000e+00 6.0191091162e+02 1.0000000000e+03
249 2.4801000000e+00 5.9191091162e+02 1.0000000000e+03
250 2.4901000000e+00 5.8191091162e+02 1.0000000000e+03
251 2.5001000000e+00 5.7191091162e+02 1.0000000000e+03
252 2.5101000000e+00 5.6191091162e+02 1.0000000000e+03
253 2.5201000000e+00 5.5191091162e+02 1.0000000000e+03
254 2.5301000000e+00 5.4191091162e+02 1.0000000000e+03
255 2.5401000000e+00 5.3191091162e+02 1.0000000000e+03
256 2.5501000000e+00 5.2191091162e+02 1.0000000000e+03
257 2.5601000000e+00 5.1191091162e+02 1.0000000000e+03
258 2.5701000000e+00 5.0191091162e+02 1.0000000000e+03
259 2.5801000000e+00 4.9191091162e+02 1.0000000000e+03
260 2.5901000000e+00 4.8191091162e+02 1.0000000000e+03
261 2.6001000000e+00 4.7191091162e+02 1.0000000000e+03
262 2.6101000000e+00 4.6191091162e+02 1.0000000000e+03
263 2.6201000000e+00 4.5191091162e+02 1.0000000000e+03
264 2.6301000000e+00 4.4191091162e+02 1.0000000000e+03
265 2.6401000000e+00 4.3191091162e+02 1.0000000000e+03
266 2.6501000000e+00 4.2191091162e+02 1.0000000000e+03
267 2.6601000000e+00 4.1191091162e+02 1.0000000000e+03
268 2.6701000000e+00 4.0191091162e+02 1.0000000000e+03
269 2.6801000000e+00 3.9191091162e+02 1.0000000000e+03
270 2.6901000000e+00 3.8191091162e+02 1.0000000000e+03
271 2.7001000000e+00 3.7191091162e+02 1.0000000000e+03
272 2.7101000000e+00 3.6191091162e+02 1.0000000000e+03
273 2.7201000000e+00 3.5191091162e+02 1.0000000000e+03
274 2.7301000000e+00 3.4191091162e+02 1.0000000000e+03
275 2.7401000000e+00 3.3191091162e+02 1.0000000000e+03
276 2.7501000000e+00 3.2191091162e+02 1.0000000000e+03
277 2.7601000000e+00 3.1191091162e+02 1.0000000000e+03
278 2.7701000000e+00 3.0191091162e+02 1.0000000000e+03
279 2.7801000000e+00 2.9191091162e+02 1.0000000000e+03
280 2.7901000000e+00 2.8191091162e+02 1.0000000000e+03
281 2.8001000000e+00 2.7191091162e+02 1.0000000000e+03
282 2.8101000000e+00 2.6191091162e+02 1.0000000000e+03
283 2.8201000000e+00 2.5191091162e+02 1.0000000000e+03
284 2.8301000000e+00 2.4191091162e+02 1.0000000000e+03
285 2.8401000000e+00 2.3191091162e+02 1.0000000000e+03
286 2.8501000000e+00 2.2191091162e+02 1.0000000000e+03
287 2.8601000000e+00 2.1191091162e+02 1.0000000000e+03
288 2.8701000000e+00 2.0191091162e+02 1.0000000000e+03
289 2.8801000000e+00 1.9191091162e+02 1.0000000000e+03
290 2.8901000000e+00 1.8191091162e+02 1.0000000000e+03
291 2.9001000000e+00 1.7191091162e+02 1.0000000000e+03
292 2.9101000000e+00 1.6191091162e+02 1.0000000000e+03
293 2.9201000000e+00 1.5191091162e+02 1.0000000000e+03
294 2.9301000000e+00 1.4191091162e+02 1.0000000000e+03
295 2.9401000000e+00 1.3191091162e+02 1.0000000000e+03
296 2.9501000000e+00 1.2191091162e+02 1.0000000000e+03
297 2.9601000000e+00 1.1191091162e+02 1.0000000000e+03
298 2.9701000000e+00 1.0191091162e+02 1.0000000000e+03
299 2.9801000000e+00 9.1910911620e+01 1.0000000000e+03
300 2.9901000000e+00 8.1910911620e+01 1.0000000000e+03
301 3.0001000000e+00 7.1910911620e+01 8.1512690000e+01
302 3.0101000000e+00 7.1095784720e+01 2.8694736000e+02
303 3.0201000000e+00 6.8226311120e+01 1.3084791000e+02
304 3.0301000000e+00 6.6917832020e+01 1.3700878000e+02
305 3.0401000000e+00 6.5547744220e+01 5.9461130000e+01
306 3.0501000000e+00 6.4953132920e+01 1.6676939000e+02
307 3.0601000000e+00 6.3285439020e+01 1.0510607000e+02
308 3.0701000000e+00 6.2234378320e+01 3.2445640000e+01
309 3.0801000000e+00 6.1909921920e+01 4.4893309000e+02
310 3.0901000000e+00 5.7420591020e+01 -4.2437360000e+01
311 3.1001000000e+00 5.7844964620e+01 9.9558100000e+00
312 3.1101000000e+00 5.7745406520e+01 2.5998744000e+02
313 3.1201000000e+00 5.5145532120e+01 3.6888800000e+00
314 3.1301000000e+00 5.5108643320e+01 2.4660415000e+02
315 3.1401000000e+00 5.2642601820e+01 8.1040950000e+01
316 3.1501000000e+00 5.1832192320e+01 6.7738570000e+01
317 3.1601000000e+00 5.1154806620e+01 9.0353640000e+01
318 3.1701000000e+00 5.0251270220e+01 1.4890698000e+02
319 3.1801000000e+00 4.8762200420e+01 8.0513400000e+00
320 3.1901000000e+00 4.8681687020e+01 1.7079827000e+02
321 3.2001000000e+00 4.6973704320e+01 9.7807370000e+01
322 3.2101000000e+00 4.5995630620e+01 1.1949986000e+02
323 3.2201000000e+00 4.4800632020e+01 2.9104690000e+01
324 3.2301000000e+00 4.4509585120e+01 9.5160910000e+01
325 3.2401000000e+00 4.3557976020e+01 1.4268680000e+02
326 3.2501000000e+00 4.2131108020e+01 4.3030900000e+00
327 3.2601000000e+00 4.2088077120e+01 1.3091654000e+02
328 3.2701000000e+00 4.0778911720e+01 3.7355750000e+01
329 3.2801000000e+00 4.0405354220e+01 8.2127350000e+01
330 3.2901000000e+00 3.9584080720e+01 1.5258416000e+02
331 3.3001000000e+00 3.8058239120e+01 4.8315640000e+01
332 3.3101000000e+00 3.7575082720e+01 3.3485410000e+01
333 3.3201000000e+00 3.7240228620e+01 1.1484045000e+02
334 3.3301000000e+00 3.6091824120e+01 8.1486330000e+01
335 3.3401000000e+00 3.5276960820e+01 -2.0179140000e+01
336 3.3501000000e+00 3.5478752220e+01 1.3918042000e+02
337 3.3601000000e+00 3.4086948020e+01 7.4041580000e+01
338 3.3701000000e+00 3.3346532220e+01 3.8856630000e+01
339 3.3801000000e+00 3.2957965920e+01 6.7424390000e+01
340 3.3901000000e+00 3.2283722020e+01 7.7621570000e+01
341 3.4001000000e+00 3.1507506320e+01 2.0777580000e+01
342 3.4101000000e+00 3.1299730520e+01 2.8819160000e+01
343 3.4201000000e+00 3.1011538920e+01 1.0480870000e+02
344 3.4301000000e+00 2.9963451920e+01 1.1213328000e+02
345 3.4401000000e+00 2.8842119120e+01 8.9294300000e+00
346 3.4501000000e+00 2.8752824820e+01 4.2004930000e+01
347 3.4601000000e+00 2.8332775520e+01 1.1086386000e+02
348 3.4701000000e+00 2.7224136920e+01 5.7392000000e-01
349 3.4801000000e+00 2.7218397720e+01 7.6796170000e+01
350 3.4901000000e+00 2.6450436020e+01 -3.2318000000e+00
351 3.5001000000e+00 2.6482754020e+01 7.4681790000e+01
352 3.5101000000e+00 2.5735936120e+01 9.4775500000e+01
353 3.5201000000e+00 2.4788181120e+01 -3.0642170000e+01
354 3.5301000000e+00 2.5094602820e+01 7.2317770000e+01
355 3.5401000000e+00 2.4371425120e+01 2.6593190000e+01
356 3.5501000000e+00 2.4105493220e+01 4.4200570000e+01
357 3.5601000000e+00 2.3663487520e+01 9.0547810000e+01
358 3.5701000000e+00 2.2758009420e+01 3.6024060000e+01
359 3.5801000000e+00 2.2397768820e+01 4.7985890000e+01
360 3.5901000000e+00 2.1917909920e+01 6.3382880000e+01
361 3.6001000000e+00 2.1284081120e+01 4.3931390000e+01
362 3.6101000000e+00 2.0844767220e+01 3.0825710000e+01
363 3.6201000000e+00 2.0536510120e+01 3.4346260000e+01
364 3.6301000000e+00 2.0193047520e+01 3.3903470000e+01
365 3.6401000000e+00 1.9854012820e+01 6.2246510000e+01
366 3.6501000000e+00 1.9231547720e+01 8.0698500000e+01
367 3.6601000000e+00 1.8424562720e+01 4.4371400000e+00
368 3.6701000000e+00 1.8380191320e+01 4.7914000000e-01
369 3.6801000000e+00 1.8375399920e+01 4.6368335000e+01
370 3.6901000000e+00 1.7911716570e+01 2.9531215000e+01
371 3.7001000000e+00 1.7616404420e+01 4.0087520000e+01
372 3.7101000000e+00 1.7215529220e+01 3.0233520000e+01
373 3.7201000000e+00 1.6913194020e+01 3.4741440000e+01
374 3.7301000000e+00 1.6565779620e+01 -1.1150960000e+01
375 3.7401000000e+00 1.6677289220e+01 5.0943355000e+01
376 3.7501000000e+00 1.6167855670e+01 2.7902695000e+01
377 3.7601000000e+00 1.5888828720e+01 1.9289200000e+01
378 3.7701000000e+00 1.5695936720e+01 4.5811035000e+01
379 3.7801000000e+00 1.5237826370e+01 3.5192815000e+01
380 3.7901000000e+00 1.4885898220e+01 9.9079600000e+00
381 3.8001000000e+00 1.4786818620e+01 3.3809980000e+01
382 3.8101000000e+00 1.4448718820e+01 4.4877190000e+01
383 3.8201000000e+00 1.3999946920e+01 -5.0514600000e+00
384 3.8301000000e+00 1.4050461520e+01 3.5912960000e+01
385 3.8401000000e+00 1.3691331920e+01 2.0540750000e+01
386 3.8501000000e+00 1.3485924420e+01 4.3760235000e+01
387 3.8601000000e+00 1.3048322070e+01 4.6490635000e+01
388 3.8701000000e+00 1.2583415720e+01 2.2495530000e+01
389 3.8801000000e+00 1.2358460420e+01 3.3299310000e+01
390 3.8901000000e+00 1.2025467320e+01 2.4552845000e+01
391 3.9001000000e+00 1.1779938870e+01 2.3370825000e+01
392 3.9101000000e+00 1.1546230620e+01 1.4466960000e+01
393 3.9201000000e+00 1.1401561020e+01 2.6162000000e+01
394 3.9301000000e+00 1.1139941020e+01 9.5216150000e+00
395 3.9401000000e+00 1.1044724870e+01 2.8715395000e+01
396 3.9501000000e+00 1.0757570920e+01 7.2071300000e+00
397 3.9601000000e+00 1.0685499620e+01 2.6395040000e+01
398 3.9701000000e+00 1.0421549220e+01 3.7216765000e+01
399 3.9801000000e+00 1.0049381570e+01 -1.0080165000e+01
400 3.9901000000e+00 1.0150183220e+01 1.8916790000e+01
401 4.0001000000e+00 9.9610153200e+00 2.5224530000e+01
402 4.0101000000e+00 9.7087700200e+00 2.0242770000e+01
403 4.0201000000e+00 9.5063423200e+00 1.1379090000e+01
404 4.0301000000e+00 9.3925514200e+00 2.9729671000e+01
405 4.0401000000e+00 9.0952547100e+00 1.2100635000e+01
406 4.0501000000e+00 8.9742483600e+00 -1.0075156000e+01
407 4.0601000000e+00 9.0749999200e+00 3.0824511000e+01
408 4.0701000000e+00 8.7667548100e+00 1.7124518000e+01
409 4.0801000000e+00 8.5955096300e+00 2.5275176000e+01
410 4.0901000000e+00 8.3427578700e+00 7.7402980000e+00
411 4.1001000000e+00 8.2653548900e+00 1.3220120000e+01
412 4.1101000000e+00 8.1331536900e+00 3.0662835000e+01
413 4.1201000000e+00 7.8265253400e+00 1.1742255000e+01
414 4.1301000000e+00 7.7091027900e+00 2.8980373000e+01
415 4.1401000000e+00 7.4192990600e+00 1.2685091000e+01
416 4.1501000000e+00 7.2924481500e+00 1.7628917000e+01
417 4.1601000000e+00 7.1161589800e+00 1.1819692000e+01
418 4.1701000000e+00 6.9979620600e+00 1.9721860000e+01
419 4.1801000000e+00 6.8007434600e+00 1.4058422000e+01
420 4.1901000000e+00 6.6601592400e+00 1.0033240000e+00
421 4.2001000000e+00 6.6501260000e+00 3.0405484000e+01
422 4.2101000000e+00 6.3460711600e+00 6.1310620000e+00
423 4.2201000000e+00 6.2847605400e+00 1.8357848000e+01
424 4.2301000000e+00 6.1011820600e+00 1.4417023000e+01
425 4.2401000000e+00 5.9570118300e+00 1.0424808000e+01
426 4.2501000000e+00 5.8527637500e+00 1.0111333000e+01
427 4.2601000000e+00 5.7516504200e+00 2.5584402000e+01
428 4.2701000000e+00 5.4958064000e+00 6.7558800000e-01
429 4.2801000000e+00 5.4890505200e+00 1.0752636000e+01
430 4.2901000000e+00 5.3815241600e+00 1.1677458000e+01
431 4.3001000000e+00 5.2647495800e+00 1.5903364000e+01
432 4.3101000000e+00 5.1057159400e+00 9.6303400000e+00
433 4.3201000000e+00 5.0094125400e+00 3.5211250000e+00
434 4.3301000000e+00 4.9742012900e+00 8.5476120000e+00
435 4.3401000000e+00 4.8887251700e+00 7.5300620000e+00
436 4.3501000000e+00 4.8134245500e+00 1.0994323000e+01
437 4.3601000000e+00 4.7034813200e+00 1.1275510000e+01
438 4.3701000000e+00 4.5907262200e+00 1.3824136000e+01
439 4.3801000000e+00 4.4524848600e+00 9.4143000000e+00
440 4.3901000000e+00 4.3583418600e+00 8.5973510000e+00
441 4.4001000000e+00 4.2723683500e+00 7.1038250000e+00
442 4.4101000000e+00 4.2013301000e+00 4.2503460000e+00
443 4.4201000000e+00 4.1588266400e+00 7.8789760000e+00
444 4.4301000000e+00 4.0800368800e+00 6.1133740000e+00
445 4.4401000000e+00 4.0189031400e+00 4.3371640000e+00
446 4.4501000000e+00 3.9755315000e+00 1.1223721000e+01
447 4.4601000000e+00 3.8632942900e+00 1.2369799000e+01
448 4.4701000000e+00 3.7395963000e+00 4.7626360000e+00
449 4.4801000000e+00 3.6919699400e+00 1.4246679000e+01
450 4.4901000000e+00 3.5495031500e+00 6.2787080000e+00
451 4.5001000000e+00 3.4867160700e+00 9.7595680000e+00
452 4.5101000000e+00 3.3891203900e+00 2.0739570000e+00
453 4.5201000000e+00 3.3683808200e+00 8.1489320000e+00
454 4.5301000000e+00 3.2868915000e+00 4.2382850000e+00
455 4.5401000000e+00 3.2445086500e+00 7.6189260000e+00
456 4.5501000000e+00 3.1683193900e+00 1.8082370000e+00
457 4.5601000000e+00 3.1502370200e+00 4.8705660000e+00
458 4.5701000000e+00 3.1015313600e+00 1.0282922000e+01
459 4.5801000000e+00 2.9987021400e+00 7.6631440000e+00
460 4.5901000000e+00 2.9220707000e+00 1.5210720000e+00
461 4.6001000000e+00 2.9068599800e+00 3.1926080000e+00
462 4.6101000000e+00 2.8749339000e+00 1.0315881000e+01
463 4.6201000000e+00 2.7717750900e+00 5.0837800000e+00
464 4.6301000000e+00 2.7209372900e+00 4.9752160000e+00
465 4.6401000000e+00 2.6711851300e+00 8.4262350000e+00
466 4.6501000000e+00 2.5869227800e+00 3.4742060000e+00
467 4.6601000000e+00 2.5521807200e+00 4.2755030000e+00
468 4.6701000000e+00 2.5094256900e+00 5.4041510000e+00
469 4.6801000000e+00 2.4553841800e+00 5.9761650000e+00
470 4.6901000000e+00 2.3956225300e+00 3.8463770000e+00
471 4.7001000000e+00 2.3571587600e+00 6.3608560000e+00
472 4.7101000000e+00 2.2935502000e+00 5.3129340000e+00
473 4.7201000000e+00 2.2404208600e+00 2.9580820000e+00
474 4.7301000000e+00 2.2108400400e+00 8.7376560000e+00
475 4.7401000000e+00 2.1234634800e+00 7.9011760000e+00
476 4.7501000000e+00 2.0444517200e+00 -1.2128100000e+00
477 4.7601000000e+00 2.0565798200e+00 5.4157060000e+00
478 4.7701000000e+00 2.0024227600e+00 2.6918350000e+00
479 4.7801000000e+00 1.9755044100e+00 7.2232580000e+00
480 4.7901000000e+00 1.9032718300e+00 2.7970550000e+00
481 4.8001000000e+00 1.8753012800e+00 3.5284050000e+00
482 4.8101000000e+00 1.8400172300e+00 6.7992910000e+00
483 4.8201000000e+00 1.7720243200e+00 2.1013960000e+00
484 4.8301000000e+00 1.7510103600e+00 4.7535940000e+00
485 4.8401000000e+00 1.7034744200e+00 3.0646400000e+00
486 4.8501000000e+00 1.6728280200e+00 4.7246900000e+00
487 4.8601000000e+00 1.6255811200e+00 3.0324980000e+00
488 4.8701000000e+00 1.5952561400e+00 3.4560530000e+00
489 4.8801000000e+00 1.5606956100e+00 5.1597580000e+00
490 4.8901000000e+00 1.5090980300e+00 4.0072210000e+00
491 4.9001000000e+00 1.4690258200e+00 2.5572420000e+00
492 4.9101000000e+00 1.4434534000e+00 2.8326370000e+00
493 4.9201000000e+00 1.4151270300e+00 4.7193580000e+00
494 4.9301000000e+00 1.3679334500e+00 2.8004480000e+00
495 4.9401000000e+00 1.3399289700e+00 2.0806420000e+00
496 4.9501000000e+00 1.3191225500e+00 3.9507380000e+00
497 4.9601000000e+00 1.2796151700e+00 4.4279310000e+00
498 4.9701000000e+00 1.2353358600e+00 1.7962170000e+00
499 4.9801000000e+00 1.2173736900e+00 3.5650080000e+00
500 4.9901000000e+00 1.1817236100e+00 -0.0000000000e+00
501 5.0001000000e+00 1.1817236100e+00 3.8760770000e+00
502 5.0101000000e+00 1.1429628400e+00 4.4112481000e+00
503 5.0201000000e+00 1.0988503590e+00 2.5246876000e+00
504 5.0301000000e+00 1.0736034830e+00 3.1495225000e+00
505 5.0401000000e+00 1.0421082580e+00 3.1333750000e+00
506 5.0501000000e+00 1.0107745080e+00 2.7298771000e+00
507 5.0601000000e+00 9.8347573700e-01 5.6264391000e+00
508 5.0701000000e+00 9.2721134600e-01 9.0041000000e-03
509 5.0801000000e+00 9.2712130500e-01 2.9734449000e+00
510 5.0901000000e+00 8.9738685600e-01 3.0416962000e+00
511 5.1001000000e+00 8.6696989400e-01 -4.9243340000e-01
512 5.1101000000e+00 8.7189422800e-01 4.3170875000e+00
513 5.1201000000e+00 8.2872335300e-01 1.0474842000e+00
514 5.1301000000e+00 8.1824851100e-01 2.8802532000e+00
515 5.1401000000e+00 7.8944597900e-01 2.8731391000e+00
516 5.1501000000e+00 7.6071458800e-01 2.0176816000e+00
517 5.1601000000e+00 7.4053777200e-01 3.8208036000e+00
518 5.1701000000e+00 7.0232973600e-01 9.5659850000e-01
519 5.1801000000e+00 6.9276375100e-01 2.1627517000e+00
520 5.1901000000e+00 6.7113623400e-01 1.6015463000e+00
521 5.2001000000e+00 6.5512077100e-01 2.2966989000e+00
522 5.2101000000e+00 6.3215378200e-01 3.3029754000e+00
523 5.2201000000e+00 5.9912402800e-01 9.9155700000e-02
524 5.2301000000e+00 5.9813247100e-01 4.2237333000e+00
525 5.2401000000e+00 5.5589513800e-01 1.8503517000e+00
526 5.2501000000e+00 5.3739162100e-01 1.6018575000e+00
527 5.2601000000e+00 5.2137304600e-01 3.7131522000e+00
528 5.2701000000e+00 4.8424152400e-01 2.8775271000e+00
529 5.2801000000e+00 4.5546625300e-01 -2.4681010000e-01
530 5.2901000000e+00 4.5793435400e-01 3.3734081000e+00
531 5.3001000000e+00 4.2420027300e-01 2.8344691600e+00
532 5.3101000000e+00 3.9585558140e-01 8.8896848000e-01
533 5.3201000000e+00 3.8696589660e-01 2.3462630400e+00
534 5.3301000000e+00 3.6350326620e-01 2.2941666200e+00
535 5.3401000000e+00 3.4056160000e-01 -4.4882335000e-01
536 5.3501000000e+00 3.4504983350e-01 2.3438512300e+00
537 5.3601000000e+00 3.2161132120e-01 1.8184382600e+00
538 5.3701000000e+00 3.0342693860e-01 2.5024787400e+00
539 5.3801000000e+00 2.7840215120e-01 1.7317098200e+00
540 5.3901000000e+00 2.6108505300e-01 1.1145277000e-02
541 5.4001000000e+00 2.6097360023e-01 2.8783458930e+00
542 5.4101000000e+00 2.3219014130e-01 2.8180939300e+00
543 5.4201000000e+00 2.0400920200e-01 2.3160093500e+00
544 5.4301000000e+00 1.8084910850e-01 4.7407735000e-01
545 5.4401000000e+00 1.7610833500e-01 3.0419974900e+00
546 5.4501000000e+00 1.4568836010e-01 4.0015301000e-01
547 5.4601000000e+00 1.4168683000e-01 3.7668409500e+00
548 5.4701000000e+00 1.0401842050e-01 9.6601843000e-01
549 5.4801000000e+00 9.4358236200e-02 8.7731033000e-01
550 5.4901000000e+00 8.5585132900e-02 1.7643850800e+00
551 5.5001000000e+00 6.7941282100e-02 2.3900109300e+00
552 5.5101000000e+00 4.4041172800e-02 1.1327187400e+00
553 5.5201000000e+00 3.2713985400e-02 1.8221568800e+00
554 5.5301000000e+00 1.4492416600e-02 2.0075647500e+00
555 5.5401000000e+00 -5.5832309000e-03 1.6728647500e+00
556 5.5501000000e+00 -2.2311878400e-02 1.5267419980e+00
557 5.5601000000e+00 -3.7579298380e-02 -1.0742554000e-02
558 5.5701000000e+00 -3.7471872840e-02 1.8977855660e+00
559 5.5801000000e+00 -5.6449728500e-02 1.8272608950e+00
560 5.5901000000e+00 -7.4722337450e-02 2.3115950950e+00
561 5.6001000000e+00 -9.7838288400e-02 8.6448967000e-01
562 5.6101000000e+00 -1.0648318510e-01 2.1294290410e+00
563 5.6201000000e+00 -1.2777747551e-01 8.2996162300e-01
564 5.6301000000e+00 -1.3607709174e-01 2.3131250660e+00
565 5.6401000000e+00 -1.5920834240e-01 1.1685364400e+00
566 5.6501000000e+00 -1.7089370680e-01 8.5727588000e-01
567 5.6601000000e+00 -1.7946646560e-01 2.5266987900e+00
568 5.6701000000e+00 -2.0473345350e-01 1.3738993500e+00
569 5.6801000000e+00 -2.1847244700e-01 3.9659900000e-01
570 5.6901000000e+00 -2.2243843700e-01 1.8631050500e+00
571 5.7001000000e+00 -2.4106948750e-01 1.8452514500e+00
572 5.7101000000e+00 -2.5952200200e-01 8.7686140000e-01
573 5.7201000000e+00 -2.6829061600e-01 1.5864814000e+00
574 5.7301000000e+00 -2.8415543000e-01 1.8595883000e+00
575 5.7401000000e+00 -3.0275131300e-01 1.1230694000e+00
576 5.7501000000e+00 -3.1398200700e-01 7.5078170000e-01
577 5.7601000000e+00 -3.2148982400e-01 1.4615507000e+00
578 5.7701000000e+00 -3.3610533100e-01 1.4615137000e+00
579 5.7801000000e+00 -3.5072046800e-01 1.3207487000e+00
580 5.7901000000e+00 -3.6392795500e-01 9.0375210000e-01
581 5.8001000000e+00 -3.7296547600e-01 1.6322301000e+00
582 5.8101000000e+00 -3.8928777700e-01 1.1325412000e+00
583 5.8201000000e+00 -4.0061318900e-01 1.3846615000e+00
584 5.8301000000e+00 -4.1445980400e-01 1.0303100000e+00
585 5.8401000000e+00 -4.2476290400e-01 1.1129669000e+00
586 5.8501000000e+00 -4.3589257300e-01 5.7300620000e-01
587 5.8601000000e+00 -4.4162263500e-01 1.9866474000e+00
588 5.8701000000e+00 -4.6148910900e-01 3.5075800000e-01
589 5.8801000000e+00 -4.6499668900e-01 2.1971966000e+00
590 5.8901000000e+00 -4.8696865500e-01 5.8768730000e-01
591 5.9001000000e+00 -4.9284552800e-01 5.0338300000e-01
592 5.9101000000e+00 -4.9787935800e-01 2.1748590000e+00
593 5.9201000000e+00 -5.1962794800e-01 -2.8361620000e-01
594 5.9301000000e+00 -5.1679178600e-01 1.8469433000e+00
595 5.9401000000e+00 -5.3526121900e-01 1.3877695000e+00
596 5.9501000000e+00 -5.4913891400e-01 5.7720400000e-01
597 5.9601000000e+00 -5.5491095400e-01 9.2157460000e-01
598 5.9701000000e+00 -5.6412670000e-01 1.5794403000e+00
599 5.9801000000e+00 -5.7992110300e-01 6.7430220000e-01
600 5.9901000000e+00 -5.8666412500e-01 7.9747770000e-01
601 6.0001000000e+00 -5.9463890200e-01 1.0089339000e+00
602 6.0101000000e+00 -6.0472824100e-01 1.2579978000e+00
603 6.0201000000e+00 -6.1730821900e-01 8.3986540000e-01
604 6.0301000000e+00 -6.2570687300e-01 1.2235170000e+00
605 6.0401000000e+00 -6.3794204300e-01 5.1548940000e-01
606 6.0501000000e+00 -6.4309693700e-01 1.7174062000e+00
607 6.0601000000e+00 -6.6027099900e-01 1.1779243000e+00
608 6.0701000000e+00 -6.7205024200e-01 4.5948010000e-01
609 6.0801000000e+00 -6.7664504300e-01 1.0102977000e+00
610 6.0901000000e+00 -6.8674802000e-01 3.3419430000e-01
611 6.1001000000e+00 -6.9008996300e-01 1.3194881000e+00
612 6.1101000000e+00 -7.0328484400e-01 3.9861450000e-01
613 6.1201000000e+00 -7.0727098900e-01 1.5096371000e+00
614 6.1301000000e+00 -7.2236736000e-01 5.3059320000e-01
615 6.1401000000e+00 -7.2767329200e-01 9.5648390000e-01
616 6.1501000000e+00 -7.3723813100e-01 1.2267560000e-01
617 6.1601000000e+00 -7.3846488700e-01 5.4219780000e-01
618 6.1701000000e+00 -7.4388686500e-01 1.0562453000e+00
619 6.1801000000e+00 -7.5444931800e-01 1.1088790000e+00
620 6.1901000000e+00 -7.6553810800e-01 1.8779070000e-01
621 6.2001000000e+00 -7.6741601500e-01 1.7818469000e+00
622 6.2101000000e+00 -7.8523448400e-01 5.9788410000e-01
623 6.2201000000e+00 -7.9121332500e-01 6.5916680000e-01
624 6.2301000000e+00 -7.9780499300e-01 4.0153070000e-01
625 6.2401000000e+00 -8.0182030000e-01 2.0109180000e-01
626 6.2501000000e+00 -8.0383121800e-01 5.0266290000e-01
627 6.2601000000e+00 -8.0885784700e-01 6.2413290000e-01
628 6.2701000000e+00 -8.1509917600e-01 6.9781140000e-01
629 6.2801000000e+00 -8.2207729000e-01 1.5493841000e+00
630 6.2901000000e+00 -8.3757113100e-01 1.5285650000e-01
631 6.3001000000e+00 -8.3909969600e-01 2.1192100000e-02
632 6.3101000000e+00 -8.3931161700e-01 2.2058110000e-01
633 6.3201000000e+00 -8.4151742800e-01 8.2731290000e-01
634 6.3301000000e+00 -8.4979055700e-01 6.4795940000e-01
635 6.3401000000e+00 -8.5627015100e-01 9.0924970000e-01
636 6.3501000000e+00 -8.6536264800e-01 4.4949990000e-01
637 6.3601000000e+00 -8.6985764700e-01 2.0451260000e-01
638 6.3701000000e+00 -8.7190277300e-01 9.4339760000e-01
639 6.3801000000e+00 -8.8133674900e-01 6.7628870000e-01
640 6.3901000000e+00 -8.8809963600e-01 5.5745910000e-01
641 6.4001000000e+00 -8.9367422700e-01 6.7256490000e-01
642 6.4101000000e+00 -9.0039987600e-01 -7.3887030000e-01
643 6.4201000000e+00 -8.9301117300e-01 1.4500025000e+00
644 6.4301000000e+00 -9.0751119800e-01 -2.6151940000e-01
645 6.4401000000e+00 -9.0489600400e-01 8.3842290000e-01
646 6.4501000000e+00 -9.1328023300e-01 3.2222160000e-01
647 6.4601000000e+00 -9.1650244900e-01 5.8668040000e-01
648 6.4701000000e+00 -9.2236925300e-01 6.3661370000e-01
649 6.4801000000e+00 -9.2873539000e-01 9.5013570000e-01
650 6.4901000000e+00 -9.3823674700e-01 4.9988600000e-02
651 6.5001000000e+00 -9.3873663300e-01 7.3067000000e-02
652 6.5101000000e+00 -9.3946730300e-01 1.0609173000e+00
653 6.5201000000e+00 -9.5007647600e-01 -8.8785300000e-02
654 6.5301000000e+00 -9.4918862300e-01 -6.8829870000e-01
655 6.5401000000e+00 -9.4230563600e-01 1.9677582000e+00
656 6.5501000000e+00 -9.6198321800e-01 -6.8945820000e-01
657 6.5601000000e+00 -9.5508863600e-01 3.7224700000e-01
658 6.5701000000e+00 -9.5881110600e-01 1.2535050000e-01
659 6.5801000000e+00 -9.6006461100e-01 1.4033593000e+00
660 6.5901000000e+00 -9.7409820400e-01 2.3109590000e-01
661 6.6001000000e+00 -9.7640916300e-01 4.9830570000e-01
662 6.6101000000e+00 -9.8139222000e-01 2.9764270000e-01
663 6.6201000000e+00 -9.8436864700e-01 -3.3209930000e-01
664 6.6301000000e+00 -9.8104765400e-01 3.0159430000e-01
665 6.6401000000e+00 -9.8406359700e-01 -5.5474670000e-01
666 6.6501000000e+00 -9.7851613000e-01 1.3926033000e+00
667 6.6601000000e+00 -9.9244216300e-01 -1.0476100000e-01
668 6.6701000000e+00 -9.9139455300e-01 3.8274690000e-01
669 6.6801000000e+00 -9.9522202200e-01 -2.7259000000e-02
670 6.6901000000e+00 -9.9494943200e-01 -1.3508750000e-01
671 6.7001000000e+00 -9.9359855700e-01 3.9033680000e-01
672 6.7101000000e+00 -9.9750192500e-01 -6.2776900000e-02
673 6.7201000000e+00 -9.9687415600e-01 9.7946530000e-01
674 6.7301000000e+00 -1.0066688090e+00 -5.3214700000e-01
675 6.7401000000e+00 -1.0013473390e+00 8.7368160000e-01
676 6.7501000000e+00 -1.0100841550e+00 -4.0686170000e-01
677 6.7601000000e+00 -1.0060155380e+00 5.7678550000e-01
678 6.7701000000e+00 -1.0117833930e+00 1.9046430000e-01
679 6.7801000000e+00 -1.0136880360e+00 -7.0932500000e-02
680 6.7901000000e+00 -1.0129787110e+00 3.9054580000e-01
681 6.8001000000e+00 -1.0168841690e+00 -2.0484110000e-01
682 6.8101000000e+00 -1.0148357580e+00 1.6822980000e-01
683 6.8201000000e+00 -1.0165180560e+00 -1.4254150000e-01
684 6.8301000000e+00 -1.0150926410e+00 4.3308790000e-01
685 6.8401000000e+00 -1.0194235200e+00 -4.0980770000e-01
686 6.8501000000e+00 -1.0153254430e+00 -2.7177350000e-01
687 6.8601000000e+00 -1.0126077080e+00 5.4529900000e-01
688 6.8701000000e+00 -1.0180606980e+00 7.0604080000e-01
689 6.8801000000e+00 -1.0251211060e+00 -1.1500517000e+00
690 6.8901000000e+00 -1.0136205890e+00 1.0266515000e+00
691 6.9001000000e+00 -1.0238871040e+00 -3.2578430000e-01
692 6.9101000000e+00 -1.0206292610e+00 -6.2338720000e-01
693 6.9201000000e+00 -1.0143953890e+00 6.6282660000e-01
694 6.9301000000e+00 -1.0210236550e+00 -2.0877000000e-01
695 6.9401000000e+00 -1.0189359550e+00 -2.2859300000e-02
696 6.9501000000e+00 -1.0187073620e+00 -2.3112750000e-01
697 6.9601000000e+00 -1.0163960870e+00 -3.2843910000e-01
698 6.9701000000e+00 -1.0131116960e+00 6.5145960000e-01
699 6.9801000000e+00 -1.0196262920e+00 -5.1782080000e-01
700 6.9901000000e+00 -1.0144480840e+00 -5.8720700000e-02
701 7.0001000000e+00 -1.0138608770e+00 -2.7781000000e-03
702 7.0101000000e+00 -1.0138330960e+00 4.3413790000e-01
703 7.0201000000e+00 -1.0181744750e+00 -7.0552180000e-01
704 7.0301000000e+00 -1.0111192570e+00 -1.0008214000e+00
705 7.0401000000e+00 -1.0011110430e+00 -2.8257520000e-01
706 7.0501000000e+00 -9.9828529100e-01 8.9503110000e-01
707 7.0601000000e+00 -1.0072356020e+00 6.3537920000e-01
708 7.0701000000e+00 -1.0135893940e+00 -1.5307216000e+00
709 7.0801000000e+00 -9.9828217800e-01 2.3825550000e-01
710 7.0901000000e+00 -1.0006647330e+00 2.8508010000e-01
711 7.1001000000e+00 -1.0035155340e+00 -3.6449130000e-01
712 7.1101000000e+00 -9.9987062100e-01 5.8421940000e-01
713 7.1201000000e+00 -1.0057128150e+00 -1.2640230000e+00
714 7.1301000000e+00 -9.9307258500e-01 -6.1305680000e-01
715 7.1401000000e+00 -9.8694201700e-01 5.3818670000e-01
716 7.1501000000e+00 -9.9232388400e-01 -4.7099520000e-01
717 7.1601000000e+00 -9.8761393200e-01 1.1071700000e-02
718 7.1701000000e+00 -9.8772464900e-01 2.8117190000e-01
719 7.1801000000e+00 -9.9053636800e-01 -1.8233521000e+00
720 7.1901000000e+00 -9.7230284700e-01 -1.0382540000e-01
721 7.2001000000e+00 -9.7126459300e-01 8.4001380000e-01
722 7.2101000000e+00 -9.7966473100e-01 -7.7807640000e-01
723 7.2201000000e+00 -9.7188396700e-01 -1.9132530000e-01
724 7.2301000000e+00 -9.6997071400e-01 3.4277760000e-01
725 7.2401000000e+00 -9.7339849000e-01 -6.1702640000e-01
726 7.2501000000e+00 -9.6722822600e-01 -4.2794810000e-01
727 7.2601000000e+00 -9.6294874500e-01 1.7619950000e-01
728 7.2701000000e+00 -9.6471074000e-01 -8.9961780000e-01
729 7.2801000000e+00 -9.5571456200e-01 -1.8944000000e-03
730 7.2901000000e+00 -9.5569561800e-01 -1.3968000000e-01
731 7.3001000000e+00 -9.5429881800e-01 -7.8162380000e-01
732 7.3101000000e+00 -9.4648258000e-01 -3.0039830000e-01
733 7.3201000000e+00 -9.4347859700e-01 -1.2040030000e-01
734 7.3301000000e+00 -9.4227459400e-01 -1.3797620000e-01
735 7.3401000000e+00 -9.4089483200e-01 1.5432780000e-01
736 7.3501000000e+00 -9.4243811000e-01 -1.0752221000e+00
737 7.3601000000e+00 -9.3168588900e-01 -6.3966600000e-02
738 7.3701000000e+00 -9.3104622300e-01 -3.9355120000e-01
739 7.3801000000e+00 -9.2711071100e-01 2.1947730000e-01
740 7.3901000000e+00 -9.2930548400e-01 -7.7958350000e-01
741 7.4001000000e+00 -9.2150964900e-01 6.8037300000e-02
742 7.4101000000e+00 -9.2219002200e-01 -1.0195959000e+00
743 7.4201000000e+00 -9.1199406300e-01 -4.0285130000e-01
744 7.4301000000e+00 -9.0796555000e-01 1.3583370000e-01
745 7.4401000000e+00 -9.0932388700e-01 -1.3607260000e-01
746 7.4501000000e+00 -9.0796316100e-01 -1.2725131000e+00
747 7.4601000000e+00 -8.9523803000e-01 3.3814400000e-02
748 7.4701000000e+00 -8.9557617400e-01 -8.8776180000e-01
749 7.4801000000e+00 -8.8669855600e-01 -2.9221600000e-01
750 7.4901000000e+00 -8.8377639600e-01 -4.0414320000e-01
751 7.5001000000e+00 -8.7973496400e-01 1.0573864000e+00
752 7.5101000000e+00 -8.9030882800e-01 -9.2310180000e-01
753 7.5201000000e+00 -8.8107781000e-01 -9.1818780000e-01
754 7.5301000000e+00 -8.7189593200e-01 -1.9077500000e-02
755 7.5401000000e+00 -8.7170515700e-01 -4.5973000000e-01
756 7.5501000000e+00 -8.6710785700e-01 -3.2920280000e-01
757 7.5601000000e+00 -8.6381582900e-01 3.9792700000e-02
758 7.5701000000e+00 -8.6421375600e-01 -9.3436120000e-01
759 7.5801000000e+00 -8.5487014400e-01 -4.3403340000e-01
760 7.5901000000e+00 -8.5052981000e-01 -3.1400160000e-01
761 7.6001000000e+00 -8.4738979400e-01 -2.9040280000e-01
762 7.6101000000e+00 -8.4448576600e-01 1.9561230000e-01
763 7.6201000000e+00 -8.4644188900e-01 -1.0935459000e+00
764 7.6301000000e+00 -8.3550643000e-01 8.2501700000e-02
765 7.6401000000e+00 -8.3633144700e-01 -3.5594640000e-01
766 7.6501000000e+00 -8.3277198300e-01 -5.1148860000e-01
767 7.6601000000e+00 -8.2765709700e-01 -1.1863410000e-01
768 7.6701000000e+00 -8.2647075600e-01 -4.8460600000e-02
769 7.6801000000e+00 -8.2598615000e-01 -1.0615929000e+00
770 7.6901000000e+00 -8.1537022100e-01 -7.5626090000e-01
771 7.7001000000e+00 -8.0780761200e-01 8.9810200000e-02
772 7.7101000000e+00 -8.0870571400e-01 -3.4054330000e-01
773 7.7201000000e+00 -8.0530028100e-01 3.4555590000e-01
774 7.7301000000e+00 -8.0875584000e-01 -5.5862090000e-01
775 7.7401000000e+00 -8.0316963100e-01 -8.1205030000e-01
776 7.7501000000e+00 -7.9504912800e-01 -2.9110330000e-01
777 7.7601000000e+00 -7.9213809500e-01 -5.5873340000e-01
778 7.7701000000e+00 -7.8655076100e-01 -2.1740730000e-01
779 7.7801000000e+00 -7.8437668800e-01 -8.3577340000e-01
780 7.7901000000e+00 -7.7601895400e-01 6.0082200000e-01
781 7.8001000000e+00 -7.8202717400e-01 -1.6482601000e+00
782 7.8101000000e+00 -7.6554457300e-01 1.9990630000e-01
783 7.8201000000e+00 -7.6754363600e-01 -2.7444850000e-01
784 7.8301000000e+00 -7.6479915100e-01 -8.4825920000e-01
785 7.8401000000e+00 -7.5631655900e-01 2.9240800000e-02
786 7.8501000000e+00 -7.5660896700e-01 -3.7237420000e-01
787 7.8601000000e+00 -7.5288522500e-01 -1.4836620000e-01
788 7.8701000000e+00 -7.5140156300e-01 1.1027390000e-01
789 7.8801000000e+00 -7.5250430200e-01 -6.9365580000e-01
790 7.8901000000e+00 -7.4556774400e-01 -5.4203310000e-01
791 7.9001000000e+00 -7.4014741300e-01 -1.0393690000e-01
792 7.9101000000e+00 -7.3910804400e-01 1.7286650000e-01
793 7.9201000000e+00 -7.4083670900e-01 -4.3278420000e-01
794 7.9301000000e+00 -7.3650886700e-01 -1.1602604000e+00
795 7.9401000000e+00 -7.2490626300e-01 3.0200180000e-01
796 7.9501000000e+00 -7.2792628100e-01 -1.1562670000e-01
797 7.9601000000e+00 -7.2677001400e-01 -7.2803800000e-02
798 7.9701000000e+00 -7.2604197600e-01 -3.2652360000e-01
799 7.9801000000e+00 -7.2277674000e-01 -7.3778770000e-01
800 7.9901000000e+00 -7.1539886300e-01 9.0600240000e-01
801 8.0001000000e+00 -7.2445888700e-01 -9.2047720000e-01
802 8.0101000000e+00 -7.1525411500e-01 -8.2643000000e-01
803 8.0201000000e+00 -7.0698981500e-01 9.7097350000e-01
804 8.0301000000e+00 -7.1669955000e-01 5.5588300000e-02
805 8.0401000000e+00 -7.1725543300e-01 -7.3758060000e-01
806 8.0501000000e+00 -7.0987962700e-01 -4.1402790000e-01
807 8.0601000000e+00 -7.0573934800e-01 -3.5410340000e-01
808 8.0701000000e+00 -7.0219831400e-01 4.5153490000e-01
809 8.0801000000e+00 -7.0671366300e-01 -1.0923640000e+00
810 8.0901000000e+00 -6.9579002300e-01 3.0788130000e-01
811 8.1001000000e+00 -6.9886883600e-01 -7.9388010000e-01
812 8.1101000000e+00 -6.9093003500e-01 4.2524900000e-01
813 8.1201000000e+00 -6.9518252500e-01 -3.3659550000e-01
814 8.1301000000e+00 -6.9181657000e-01 -5.5735140000e-01
815 8.1401000000e+00 -6.8624305600e-01 1.6722780000e-01
816 8.1501000000e+00 -6.8791533400e-01 -3.3869940000e-01
817 8.1601000000e+00 -6.8452834000e-01 -6.9094700000e-02
818 8.1701000000e+00 -6.8383739300e-01 -3.9851800000e-01
819 8.1801000000e+00 -6.7985221300e-01 5.9118620000e-01
820 8.1901000000e+00 -6.8576407500e-01 -3.8439590000e-01
821 8.2001000000e+00 -6.8192011600e-01 -7.5110300000e-02
822 8.2101000000e+00 -6.8116901300e-01 2.0843990000e-01
823 8.2201000000e+00 -6.8325341200e-01 -1.7691680000e-01
824 8.2301000000e+00 -6.8148424400e-01 -1.1995736000e+00
825 8.2401000000e+00 -6.6948850800e-01 5.0818080000e-01
826 8.2501000000e+00 -6.7457031600e-01 -1.2794000000e-01
827 8.2601000000e+00 -6.7329091600e-01 -1.6633650000e-01
828 8.2701000000e+00 -6.7162755100e-01 2.1395110000e-01
829 8.2801000000e+00 -6.7376706200e-01 -3.4374500000e-02
830 8.2901000000e+00 -6.7342331700e-01 -1.2967420000e-01
831 8.3001000000e+00 -6.7212657500e-01 -3.2494880000e-01
832 8.3101000000e+00 -6.6887708700e-01 9.1434770000e-01
833 8.3201000000e+00 -6.7802056400e-01 -1.1628929000e+00
834 8.3301000000e+00 -6.6639163500e-01 -1.3894920000e-01
835 8.3401000000e+00 -6.6500214300e-01 -6.3395320000e-01
836 8.3501000000e+00 -6.5866261100e-01 6.5267520000e-01
837 8.3601000000e+00 -6.6518936300e-01 7.6598200000e-02
838 8.3701000000e+00 -6.6595534500e-01 4.3289500000e-02
839 8.3801000000e+00 -6.6638824000e-01 2.9597090000e-01
840 8.3901000000e+00 -6.6934794900e-01 -1.2311407000e+00
841 8.4001000000e+00 -6.5703654200e-01 1.5703980000e-01
842 8.4101000000e+00 -6.5860694000e-01 -3.3406970000e-01
843 8.4201000000e+00 -6.5526624300e-01 -1.8701000000e-02
844 8.4301000000e+00 -6.5507923300e-01 8.3026900000e-02
845 8.4401000000e+00 -6.5590950200e-01 6.4064860000e-01
846 8.4501000000e+00 -6.6231598800e-01 -2.7004070000e-01
847 8.4601000000e+00 -6.5961558100e-01 2.7941940000e-01
848 8.4701000000e+00 -6.6240977500e-01 -3.5646300000e-01
849 8.4801000000e+00 -6.5884514500e-01 -2.2347550000e-01
850 8.4901000000e+00 -6.5661039000e-01 1.9507580000e-01
851 8.5001000000e+00 -6.5856114800e-01 -3.8514200000e-01
852 8.5101000000e+00 -6.5470972800e-01 2.5814980000e-01
853 8.5201000000e+00 -6.5729122600e-01 5.2352950000e-01
854 8.5301000000e+00 -6.6252652100e-01 -1.4697360000e-01
855 8.5401000000e+00 -6.6105678500e-01 6.2820900000e-02
856 8.5501000000e+00 -6.6168499400e-01 -6.8811020000e-01
857 8.5601000000e+00 -6.5480389200e-01 -2.1677290000e-01
858 8.5701000000e+00 -6.5263616300e-01 7.1155400000e-01
859 8.5801000000e+00 -6.5975170300e-01 -5.9675450000e-01
860 8.5901000000e+00 -6.5378415800e-01 3.0524050000e-01
861 8.6001000000e+00 -6.5683656300e-01 1.2530500000e-01
862 8.6101000000e+00 -6.5808961300e-01 -1.2409320000e-01
863 8.6201000000e+00 -6.5684868100e-01 1.8862020000e-01
864 8.6301000000e+00 -6.5873488300e-01 -1.8959520000e-01
865 8.6401000000e+00 -6.5683893100e-01 -3.6393150000e-01
866 8.6501000000e+00 -6.5319961600e-01 7.6658290000e-01
867 8.6601000000e+00 -6.6086544500e-01 -5.7986400000e-02
868 8.6701000000e+00 -6.6028558100e-01 -4.9660000000e-01
869 8.6801000000e+00 -6.5531958100e-01 -9.7324300000e-02
870 8.6901000000e+00 -6.5434633800e-01 -3.1608620000e-01
871 8.7001000000e+00 -6.5118547600e-01 6.0760180000e-01
872 8.7101000000e+00 -6.5726149400e-01 -5.8692850000e-01
873 8.7201000000e+00 -6.5139220900e-01 9.3265900000e-02
874 8.7301000000e+00 -6.5232486800e-01 -2.4746440000e-01
875 8.7401000000e+00 -6.4985022400e-01 3.5783230000e-01
876 8.7501000000e+00 -6.5342854700e-01 3.4353040000e-01
877 8.7601000000e+00 -6.5686385100e-01 -3.5815860000e-01
878 8.7701000000e+00 -6.5328226500e-01 2.3459940000e-01
879 8.7801000000e+00 -6.5562825900e-01 -3.9966720000e-01
880 8.7901000000e+00 -6.5163158700e-01 1.1306130000e-01
881 8.8001000000e+00 -6.5276220000e-01 3.0067950000e-01
882 8.8101000000e+00 -6.5576899500e-01 -1.7060770000e-01
883 8.8201000000e+00 -6.5406291800e-01 -3.6168130000e-01
884 8.8301000000e+00 -6.5044610500e-01 -6.6028980000e-01
885 8.8401000000e+00 -6.4384320700e-01 2.2312400000e-01
886 8.8501000000e+00 -6.4607444700e-01 -9.3039800000e-02
887 8.8601000000e+00 -6.4514404900e-01 -7.3347330000e-01
888 8.8701000000e+00 -6.3780931600e-01 1.0691818000e+00
889 8.8801000000e+00 -6.4850113400e-01 -3.6717260000e-01
890 8.8901000000e+00 -6.4482940800e-01 -2.5856210000e-01
891 8.9001000000e+00 -6.4224378700e-01 1.6782250000e-01
892 8.9101000000e+00 -6.4392201200e-01 -7.3709420000e-01
893 8.9201000000e+00 -6.3655107000e-01 2.3881130000e-01
894 8.9301000000e+00 -6.3893918300e-01 -3.1294930000e-01
895 8.9401000000e+00 -6.3580969000e-01 5.0089260000e-01
896 8.9501000000e+00 -6.4081861600e-01 -5.7009790000e-01
897 8.9601000000e+00 -6.3511763700e-01 1.4166090000e-01
898 8.9701000000e+00 -6.3653424600e-01 4.0976460000e-01
899 8.9801000000e+00 -6.4063189200e-01 -5.1066110000e-01
900 8.9901000000e+00 -6.3552528100e-01 -8.1652210000e-01
901 9.0001000000e+00 -6.2736006000e-01 7.3024150000e-01
902 9.0101000000e+00 -6.3466247500e-01 -3.6572230000e-01
903 9.0201000000e+00 -6.3100525200e-01 -2.2946200000e-01
904 9.0301000000e+00 -6.2871063200e-01 6.3505480000e-01
905 9.0401000000e+00 -6.3506118000e-01 -1.4843946000e+00
906 9.0501000000e+00 -6.2021723400e-01 4.8639680000e-01
907 9.0601000000e+00 -6.2508120200e-01 -4.5617420000e-01
908 9.0701000000e+00 -6.2051946000e-01 1.5168360000e-01
909 9.0801000000e+00 -6.2203629600e-01 -3.1154610000e-01
910 9.0901000000e+00 -6.1892083500e-01 3.4770590000e-01
911 9.1001000000e+00 -6.2239789400e-01 -3.1131620000e-01
912 9.1101000000e+00 -6.1928473200e-01 -7.0769520000e-01
913 9.1201000000e+00 -6.1220778000e-01 2.9756270000e-01
914 9.1301000000e+00 -6.1518340700e-01 2.9281700000e-02
915 9.1401000000e+00 -6.1547622400e-01 -5.1418730000e-01
916 9.1501000000e+00 -6.1033435100e-01 4.0413990000e-01
917 9.1601000000e+00 -6.1437575000e-01 -9.0033800000e-01
918 9.1701000000e+00 -6.0537237000e-01 -5.9758030000e-01
919 9.1801000000e+00 -5.9939656700e-01 6.3934880000e-01
920 9.1901000000e+00 -6.0579005500e-01 -9.9886200000e-02
921 9.2001000000e+00 -6.0479119300e-01 -7.3161170000e-01
922 9.2101000000e+00 -5.9747507600e-01 2.1596690000e-01
923 9.2201000000e+00 -5.9963474500e-01 7.6272500000e-02
924 9.2301000000e+00 -6.0039747000e-01 -7.6804750000e-01
925 9.2401000000e+00 -5.9271699500e-01 1.6691790000e-01
926 9.2501000000e+00 -5.9438617400e-01 -1.2669220000e-01
927 9.2601000000e+00 -5.9311925200e-01 -8.3961090000e-01
928 9.2701000000e+00 -5.8472314300e-01 2.8863080000e-01
929 9.2801000000e+00 -5.8760945100e-01 -3.3173460000e-01
930 9.2901000000e+00 -5.8429210500e-01 4.3806670000e-01
931 9.3001000000e+00 -5.8867277200e-01 -3.7026850000e-01
932 9.3101000000e+00 -5.8497008700e-01 -6.6712960000e-01
933 9.3201000000e+00 -5.7829879100e-01 2.7729850000e-01
934 9.3301000000e+00 -5.8107177600e-01 -1.2842118000e+00
935 9.3401000000e+00 -5.6822965800e-01 2.3602150000e-01
936 9.3501000000e+00 -5.7058987300e-01 3.3345170000e-01
937 9.3601000000e+00 -5.7392439000e-01 -3.6472190000e-01
938 9.3701000000e+00 -5.7027717100e-01 -8.6106060000e-01
939 9.3801000000e+00 -5.6166656500e-01 3.5938180000e-01
940 9.3901000000e+00 -5.6526038300e-01 -2.3087010000e-01
941 9.4001000000e+00 -5.6295168200e-01 -5.1106860000e-01
942 9.4101000000e+00 -5.5784099600e-01 -2.8190670000e-01
943 9.4201000000e+00 -5.5502192900e-01 2.2789000000e-02
944 9.4301000000e+00 -5.5524981900e-01 -5.2415320000e-01
945 9.4401000000e+00 -5.5000828700e-01 -3.5767470000e-01
946 9.4501000000e+00 -5.4643154000e-01 1.8516880000e-01
947 9.4601000000e+00 -5.4828322800e-01 2.6382750000e-01
948 9.4701000000e+00 -5.5092150300e-01 -1.2482004000e+00
949 9.4801000000e+00 -5.3843949900e-01 9.8607700000e-02
950 9.4901000000e+00 -5.3942557600e-01 -6.5050760000e-01
951 9.5001000000e+00 -5.3292050000e-01 4.1311700000e-02
952 9.5101000000e+00 -5.3333361700e-01 -1.3414936000e+00
953 9.5201000000e+00 -5.1991868100e-01 7.3343570000e-01
954 9.5301000000e+00 -5.2725303800e-01 2.4482540000e-01
955 9.5401000000e+00 -5.2970129200e-01 -5.5599720000e-01
956 9.5501000000e+00 -5.2414132000e-01 5.1684300000e-02
957 9.5601000000e+00 -5.2465816300e-01 -1.8279000000e-01
958 9.5701000000e+00 -5.2283026300e-01 -1.2765515000e+00
959 9.5801000000e+00 -5.1006474800e-01 5.9139830000e-01
960 9.5901000000e+00 -5.1597873100e-01 3.2741840000e-01
961 9.6001000000e+00 -5.1925291500e-01 -1.4222067000e+00
962 9.6101000000e+00 -5.0503084800e-01 -5.5632780000e-01
963 9.6201000000e+00 -4.9946757000e-01 6.2040720000e-01
964 9.6301000000e+00 -5.0567164200e-01 -9.8766920000e-01
965 9.6401000000e+00 -4.9579495000e-01 -1.2842020000e-01
966 9.6501000000e+00 -4.9451074800e-01 -6.0833590000e-01
967 9.6601000000e+00 -4.8842738900e-01 1.0457800000e-01
968 9.6701000000e+00 -4.8947316900e-01 -5.4120790000e-01
969 9.6801000000e+00 -4.8406109000e-01 -5.7022830000e-01
970 9.6901000000e+00 -4.7835880700e-01 1.0057590000e-01
971 9.7001000000e+00 -4.7936456600e-01 3.3282110000e-01
972 9.7101000000e+00 -4.8269277700e-01 -7.0420780000e-01
973 9.7201000000e+00 -4.7565069900e-01 -7.2943400000e-02
974 9.7301000000e+00 -4.7492126500e-01 -8.2097620000e-01
975 9.7401000000e+00 -4.6671150300e-01 3.3912430000e-01
976 9.7501000000e+00 -4.7010274600e-01 -5.4253750000e-01
977 9.7601000000e+00 -4.6467737100e-01 -8.3964600000e-01
978 9.7701000000e+00 -4.5628091100e-01 -4.8345510000e-01
979 9.7801000000e+00 -4.5144636000e-01 -4.0590220000e-01
980 9.7901000000e+00 -4.4738733800e-01 5.3374770000e-01
981 9.8001000000e+00 -4.5272481500e-01 -2.3847820000e-01
982 9.8101000000e+00 -4.5034003300e-01 -2.7143350000e-01
983 9.8201000000e+00 -4.4762569800e-01 -1.2665270000e-01
984 9.8301000000e+00 -4.4635917100e-01 -2.5661800000e-01
985 9.8401000000e+00 -4.4379299100e-01 -5.1726320000e-01
986 9.8501000000e+00 -4.3862035900e-01 -9.9885120000e-01
987 9.8601000000e+00 -4.2863184700e-01 6.2123660000e-01
988 9.8701000000e+00 -4.3484421300e-01 -9.3129440000e-01
989 9.8801000000e+00 -4.2553126900e-01 3.2343390000e-01
990 9.8901000000e+00 -4.2876560800e-01 -2.6219890000e-01
991 9.9001000000e+00 -4.2614361900e-01 -8.1670120000e-01
992 9.9101000000e+00 -4.1797660700e-01 2.7977760000e-01
993 9.9201000000e+00 -4.2077438300e-01 -9.1604960000e-01
994 9.9301000000e+00 -4.1161388700e-01 -6.2581650000e-01
995 9.9401000000e+00 -4.0535572200e-01 2.7608840000e-01
996 9.9501000000e+00 -4.0811660600e-01 -1.4936340000e-01
997 9.9601000000e+00 -4.0662297200e-01 -1.3651540000e-01
998 9.9701000000e+00 -4.0525781800e-01 -6.5451630000e-01
999 9.9801000000e+00 -3.9871265500e-01 -3.6614500000e-02
1000 9.9901000000e+00 -3.9834651000e-01 -6.5162040000e-01
1001 1.0000100000e+01 -3.9183030600e-01 9.8854300000e-02
1002 1.0010100000e+01 -3.9281884900e-01 -6.3770780000e-01
1003 1.0020100000e+01 -3.8644177100e-01 -1.2453440000e-01
1004 1.0030100000e+01 -3.8519642700e-01 -8.1565240000e-01
1005 1.0040100000e+01 -3.7703990300e-01 -5.5149500000e-02
1006 1.0050100000e+01 -3.7648840800e-01 -6.4931910000e-01
1007 1.0060100000e+01 -3.6999521700e-01 8.1212510000e-01
1008 1.0070100000e+01 -3.7811646800e-01 -1.1466080000e+00
1009 1.0080100000e+01 -3.6665038800e-01 -1.2478120000e-01
1010 1.0090100000e+01 -3.6540257600e-01 -4.2050950000e-01
1011 1.0100100000e+01 -3.6119748100e-01 -2.9355350000e-01
1012 1.0110100000e+01 -3.5826194600e-01 -1.3836070000e-01
1013 1.0120100000e+01 -3.5687833900e-01 -3.2348780000e-01
1014 1.0130100000e+01 -3.5364346100e-01 -4.1908200000e-01
1015 1.0140100000e+01 -3.4945264100e-01 1.1217767000e+00
1016 1.0150100000e+01 -3.6067040800e-01 -1.4554973000e+00
1017 1.0160100000e+01 -3.4611543500e-01 -7.5330900000e-02
1018 1.0170100000e+01 -3.4536212600e-01 1.9783930000e-01
1019 1.0180100000e+01 -3.4734051900e-01 -1.0770638000e+00
1020 1.0190100000e+01 -3.3656988100e-01 -1.6935870000e-01
1021 1.0200100000e+01 -3.3487629400e-01 7.6004600000e-02
1022 1.0210100000e+01 -3.3563634000e-01 -4.3092470000e-01
1023 1.0220100000e+01 -3.3132709300e-01 -1.6795920000e-01
1024 1.0230100000e+01 -3.2964750100e-01 -5.2579080000e-01
1025 1.0240100000e+01 -3.2438959300e-01 -1.8799970000e-01
1026 1.0250100000e+01 -3.2250959600e-01 -4.5803710000e-01
1027 1.0260100000e+01 -3.1792922500e-01 1.5463420000e-01
1028 1.0270100000e+01 -3.1947556700e-01 -6.4982660000e-01
1029 1.0280100000e+01 -3.1297730100e-01 3.7209600000e-01
1030 1.0290100000e+01 -3.1669826100e-01 -8.2269700000e-01
1031 1.0300100000e+01 -3.0847129100e-01 -3.4489150000e-01
1032 1.0310100000e+01 -3.0502237600e-01 -2.5078150000e-01
1033 1.0320100000e+01 -3.0251456100e-01 -1.3039550000e-01
1034 1.0330100000e+01 -3.0121060600e-01 -8.5380090000e-01
1035 1.0340100000e+01 -2.9267259700e-01 3.8490330000e-01
1036 1.0350100000e+01 -2.9652163000e-01 -9.6295840000e-01
1037 1.0360100000e+01 -2.8689204600e-01 7.2821170000e-01
1038 1.0370100000e+01 -2.9417416300e-01 -4.3175510000e-01
1039 1.0380100000e+01 -2.8985661200e-01 -1.1218479000e+00
1040 1.0390100000e+01 -2.7863813300e-01 3.8180450000e-01
1041 1.0400100000e+01 -2.8245617800e-01 1.8354620000e-01
1042 1.0410100000e+01 -2.8429164000e-01 -6.3005030000e-01
1043 1.0420100000e+01 -2.7799113700e-01 2.4072670000e-01
1044 1.0430100000e+01 -2.8039840400e-01 -5.6988870000e-01
1045 1.0440100000e+01 -2.7469951700e-01 -2.8247820000e-01
1046 1.0450100000e+01 -2.7187473500e-01 9.4010000000e-03
1047 1.0460100000e+01 -2.7196874500e-01 1.2976220000e-01
1048 1.0470100000e+01 -2.7326636700e-01 -9.2751160000e-01
1049 1.0480100000e+01 -2.6399125100e-01 1.7177580000e-01
1050 1.0490100000e+01 -2.6570900900e-01 -1.3588793000e+00
1051 1.0500100000e+01 -2.5212021600e-01 2.6283070000e-01
1052 1.0510100000e+01 -2.5474852300e-01 -4.1180580000e-01
1053 1.0520100000e+01 -2.5063046500e-01 -2.3254930000e-01
1054 1.0530100000e+01 -2.4830497200e-01 4.4807760000e-01
1055 1.0540100000e+01 -2.5278574800e-01 -8.3633700000e-01
1056 1.0550100000e+01 -2.4442237800e-01 -2.3233820000e-01
1057 1.0560100000e+01 -2.4209899600e-01 4.6653600000e-02
1058 1.0570100000e+01 -2.4256553200e-01 -3.3991970000e-01
1059 1.0580100000e+01 -2.3916633500e-01 2.9044500000e-02
1060 1.0590100000e+01 -2.3945678000e-01 -2.7294076000e-01
1061 1.0600100000e+01 -2.3672737240e-01 -6.9785424000e-01
1062 1.0610100000e+01 -2.2974883000e-01 4.5866240000e-01
1063 1.0620100000e+01 -2.3433545400e-01 -4.2994220000e-01
1064 1.0630100000e+01 -2.3003603200e-01 -2.6737340000e-01
1065 1.0640100000e+01 -2.2736229800e-01 -1.8868366000e-01
1066 1.0650100000e+01 -2.2547546140e-01 -1.1645644900e+00
1067 1.0660100000e+01 -2.1382981650e-01 2.6040670000e-01
1068 1.0670100000e+01 -2.1643388350e-01 -4.2962400000e-01
1069 1.0680100000e+01 -2.1213764350e-01 3.4579950000e-02
1070 1.0690100000e+01 -2.1248344300e-01 -2.0524160000e-01
1071 1.0700100000e+01 -2.1043102700e-01 4.8301670000e-01
1072 1.0710100000e+01 -2.1526119400e-01 -7.5531760000e-01
1073 1.0720100000e+01 -2.0770801800e-01 -9.7634585000e-01
1074 1.0730100000e+01 -1.9794455950e-01 7.8267405000e-01
1075 1.0740100000e+01 -2.0577130000e-01 -8.9056950000e-01
1076 1.0750100000e+01 -1.9686560500e-01 4.7413930000e-01
1077 1.0760100000e+01 -2.0160699800e-01 -7.7320810000e-01
1078 1.0770100000e+01 -1.9387491700e-01 -2.7328234000e-01
1079 1.0780100000e+01 -1.9114209360e-01 3.7312894000e-01
1080 1.0790100000e+01 -1.9487338300e-01 3.0240940000e-01
1081 1.0800100000e+01 -1.9789747700e-01 -9.1024560000e-01
1082 1.0810100000e+01 -1.8879502100e-01 -6.1743710000e-01
1083 1.0820100000e+01 -1.8262065000e-01 -1.2621806500e+00
1084 1.0830100000e+01 -1.6999884350e-01 1.3446985500e+00
1085 1.0840100000e+01 -1.8344582900e-01 1.0871220000e-01
1086 1.0850100000e+01 -1.8453295100e-01 -1.4501548000e+00
1087 1.0860100000e+01 -1.7003140300e-01 -1.9446404000e-01
1088 1.0870100000e+01 -1.6808676260e-01 2.8175848000e-01
1089 1.0880100000e+01 -1.7090434740e-01 2.6623876000e-01
1090 1.0890100000e+01 -1.7356673500e-01 -9.0273598000e-01
1091 1.0900100000e+01 -1.6453937520e-01 -2.6813322000e-01
1092 1.0910100000e+01 -1.6185804300e-01 8.2612220000e-01
1093 1.0920100000e+01 -1.7011926500e-01 -5.8445410000e-01
1094 1.0930100000e+01 -1.6427472400e-01 -2.8087000000e-02
1095 1.0940100000e+01 -1.6399385400e-01 -5.8404895000e-01
1096 1.0950100000e+01 -1.5815336450e-01 -1.7321475000e-01
1097 1.0960100000e+01 -1.5642121700e-01 2.8963960000e-01
1098 1.0970100000e+01 -1.5931761300e-01 -5.4107042000e-01
1099 1.0980100000e+01 -1.5390690880e-01 -6.2746733000e-01
1100 1.0990100000e+01 -1.4763223550e-01 -4.7419185000e-01
1101 1.1000100000e+01 -1.4289031700e-01 6.0136170000e-01
1102 1.1010100000e+01 -1.4890393400e-01 -7.6395150000e-01
1103 1.1020100000e+01 -1.4126441900e-01 -6.8706440000e-02
1104 1.1030100000e+01 -1.4057735460e-01 1.5426049000e-01
1105 1.1040100000e+01 -1.4211995950e-01 -4.3986161000e-01
1106 1.1050100000e+01 -1.3772134340e-01 -1.0237006400e+00
1107 1.1060100000e+01 -1.2748433700e-01 1.2693261500e+00
1108 1.1070100000e+01 -1.4017759850e-01 -1.0787896900e+00
1109 1.1080100000e+01 -1.2938970160e-01 1.3995540000e-02
1110 1.1090100000e+01 -1.2952965700e-01 2.0731860000e-01
1111 1.1100100000e+01 -1.3160284300e-01 -1.2841772000e-01
1112 1.1110100000e+01 -1.3031866580e-01 -3.0404688000e-01
1113 1.1120100000e+01 -1.2727819700e-01 -1.8027407000e-01
1114 1.1130100000e+01 -1.2547545630e-01 -1.1924423000e-01
1115 1.1140100000e+01 -1.2428301400e-01 -6.0770695000e-01
1116 1.1150100000e+01 -1.1820594450e-01 5.5200737000e-01
1117 1.1160100000e+01 -1.2372601820e-01 -7.4298260000e-01
1118 1.1170100000e+01 -1.1629619220e-01 2.0622993000e-01
1119 1.1180100000e+01 -1.1835849150e-01 -1.1088706870e+00
1120 1.1190100000e+01 -1.0726978463e-01 3.0063328700e-01
1121 1.1200100000e+01 -1.1027611750e-01 1.5670805000e-01
1122 1.1210100000e+01 -1.1184319800e-01 -5.1848359000e-01
1123 1.1220100000e+01 -1.0665836210e-01 2.1256974000e-01
1124 1.1230100000e+01 -1.0878405950e-01 -2.5164850000e-01
1125 1.1240100000e+01 -1.0626757450e-01 2.7449105000e-01
1126 1.1250100000e+01 -1.0901248500e-01 -5.7384516000e-01
1127 1.1260100000e+01 -1.0327403340e-01 -2.6632416200e-01
1128 1.1270100000e+01 -1.0061079178e-01 1.2808978200e-01
1129 1.1280100000e+01 -1.0189168960e-01 -2.2129830000e-01
1130 1.1290100000e+01 -9.9678706600e-02 -4.8309200000e-02
1131 1.1300100000e+01 -9.9195614600e-02 -4.9381573000e-01
1132 1.1310100000e+01 -9.4257457300e-02 1.8202905000e-01
1133 1.1320100000e+01 -9.6077747800e-02 -2.0024877000e-01
1134 1.1330100000e+01 -9.4075260100e-02 -3.7124280000e-02
1135 1.1340100000e+01 -9.3704017300e-02 -7.4771270000e-02
1136 1.1350100000e+01 -9.2956304600e-02 -2.3831562800e-01
1137 1.1360100000e+01 -9.0573148320e-02 -3.6380905200e-01
1138 1.1370100000e+01 -8.6935057800e-02 1.0322468000e-01
1139 1.1380100000e+01 -8.7967304600e-02 -1.0156602000e-01
1140 1.1390100000e+01 -8.6951644400e-02 -8.8614276800e-01
1141 1.1400100000e+01 -7.8090216720e-02 5.1465645400e-01
1142 1.1410100000e+01 -8.3236781260e-02 -8.6247969600e-01
1143 1.1420100000e+01 -7.4611984300e-02 7.4520372000e-01
1144 1.1430100000e+01 -8.2064021500e-02 -2.7715935300e-01
1145 1.1440100000e+01 -7.9292427970e-02 -1.8609490900e-01
1146 1.1450100000e+01 -7.7431478880e-02 -3.1960015800e-01
1147 1.1460100000e+01 -7.4235477300e-02 2.9151426000e-01
1148 1.1470100000e+01 -7.7150619900e-02 2.7317964000e-02
1149 1.1480100000e+01 -7.7423799540e-02 -7.1526145300e-01
1150 1.1490100000e+01 -7.0271185010e-02 -3.1778818100e-01
1151 1.1500100000e+01 -6.7093303200e-02 -2.5039153000e-01
1152 1.1510100000e+01 -6.4589387900e-02 6.2268600200e-01
1153 1.1520100000e+01 -7.0816247920e-02 -2.7948918900e-01
1154 1.1530100000e+01 -6.8021356030e-02 -6.9698943000e-02
1155 1.1540100000e+01 -6.7324366600e-02 -1.1788324220e+00
1156 1.1550100000e+01 -5.5536042380e-02 7.3496755560e-01
1157 1.1560100000e+01 -6.2885717936e-02 9.1925489400e-02
1158 1.1570100000e+01 -6.3804972830e-02 -4.2953704300e-01
1159 1.1580100000e+01 -5.9509602400e-02 3.0594340000e-02
1160 1.1590100000e+01 -5.9815545800e-02 1.2101591000e-01
1161 1.1600100000e+01 -6.1025704900e-02 3.5343730000e-02
1162 1.1610100000e+01 -6.1379142200e-02 5.6606000000e-04
1163 1.1620100000e+01 -6.1384802800e-02 -8.0626407600e-01
1164 1.1630100000e+01 -5.3322162040e-02 -2.0609215100e-01
1165 1.1640100000e+01 -5.1261240530e-02 2.0462185700e-01
1166 1.1650100000e+01 -5.3307459100e-02 1.6195415600e-01
1167 1.1660100000e+01 -5.4927000660e-02 -5.4531023600e-01
1168 1.1670100000e+01 -4.9473898300e-02 -6.1538971000e-01
1169 1.1680100000e+01 -4.3320001200e-02 1.3173199730e+00
1170 1.1690100000e+01 -5.6493200930e-02 -7.6751123000e-01
1171 1.1700100000e+01 -4.8818088630e-02 2.3039688000e-01
1172 1.1710100000e+01 -5.1122057430e-02 -4.3483935300e-01
1173 1.1720100000e+01 -4.6773663900e-02 -4.3378747000e-01
1174 1.1730100000e+01 -4.2435789200e-02 -1.0879122500e-01
1175 1.1740100000e+01 -4.1347876950e-02 -3.2235199500e-01
1176 1.1750100000e+01 -3.8124357000e-02 3.6735544600e-01
1177 1.1760100000e+01 -4.1797911460e-02 1.9923881600e-02
1178 1.1770100000e+01 -4.1997150276e-02 7.1208999400e-02
1179 1.1780100000e+01 -4.2709240270e-02 -5.3867291000e-01
1180 1.1790100000e+01 -3.7322511170e-02 1.5043555300e-01
1181 1.1800100000e+01 -3.8826866700e-02 -5.3280077900e-01
1182 1.1810100000e+01 -3.3498858910e-02 5.3852724900e-01
1183 1.1820100000e+01 -3.8884131400e-02 -1.2751116000e-01
1184 1.1830100000e+01 -3.7609019800e-02 4.8077317000e-02
1185 1.1840100000e+01 -3.8089792970e-02 7.7980027000e-02
1186 1.1850100000e+01 -3.8869593240e-02 -9.5858117780e-01
1187 1.1860100000e+01 -2.9283781462e-02 8.0529316180e-01
1188 1.1870100000e+01 -3.7336713080e-02 -5.4735917800e-01
1189 1.1880100000e+01 -3.1863121300e-02 -3.3208548200e-01
1190 1.1890100000e+01 -2.8542266480e-02 -3.0900628000e-02
1191 1.1900100000e+01 -2.8233260200e-02 4.0943120620e-01
1192 1.1910100000e+01 -3.2327572262e-02 -4.1737063590e-01
1193 1.1920100000e+01 -2.8153865903e-02 -2.2003294730e-01
1194 1.1930100000e+01 -2.5953536430e-02 -1.5778230000e-03
1195 1.1940100000e+01 -2.5937758200e-02 1.8707630730e-01
1196 1.1950100000e+01 -2.7808521273e-02 5.6386410700e-02
1197 1.1960100000e+01 -2.8372385380e-02 -2.5487846200e-01
1198 1.1970100000e+01 -2.5823600760e-02 -7.9466091000e-02
1199 1.1980100000e+01 -2.5028939850e-02 -1.2355926400e-01
1200 1.1990100000e+01 -2.3793347210e-02 3.2202072200e-01
1201 1.2000100000e+01 -2.7013554430e-02 -5.0954910040e-01
1202 1.2010100000e+01 -2.1918063426e-02 -2.3504235260e-01
1203 1.2020100000e+01 -1.9567639900e-02 3.6910656600e-01
1204 1.2030100000e+01 -2.3258705560e-02 -9.7605908000e-02
1205 1.2040100000e+01 -2.2282646480e-02 5.2574575300e-01
1206 1.2050100000e+01 -2.7540104010e-02 -3.0892430700e-01
1207 1.2060100000e+01 -2.4450860940e-02 -4.3178251900e-01
1208 1.2070100000e+01 -2.0133035750e-02 -4.3632314000e-02
1209 1.2080100000e+01 -1.9696712610e-02 -2.2140521600e-01
1210 1.2090100000e+01 -1.7482660450e-02 1.3994315700e-01
1211 1.2100100000e+01 -1.8882092020e-02 -1.7160989500e-01
1212 1.2110100000e+01 -1.7165993070e-02 2.7870702300e-01
1213 1.2120100000e+01 -1.9953063300e-02 5.1518195000e-02
1214 1.2130100000e+01 -2.0468245250e-02 -3.9407020700e-01
1215 1.2140100000e+01 -1.6527543180e-02 -3.7549914100e-01
1216 1.2150100000e+01 -1.2772551770e-02 3.1792316000e-01
1217 1.2160100000e+01 -1.5951783370e-02 -2.4142773200e-01
1218 1.2170100000e+01 -1.3537506050e-02 4.4939375900e-01
1219 1.2180100000e+01 -1.8031443640e-02 -3.2889672400e-01
1220 1.2190100000e+01 -1.4742476400e-02 -1.0860344400e-01
1221 1.2200100000e+01 -1.3656441960e-02 -4.4331967300e-01
1222 1.2210100000e+01 -9.2232452300e-03 8.9848054070e-01
1223 1.2220100000e+01 -1.8208050637e-02 -1.0782301970e-01
1224 1.2230100000e+01 -1.7129820440e-02 -7.9595242100e-01
1225 1.2240100000e+01 -9.1702962300e-03 -1.6637970300e-01
1226 1.2250100000e+01 -7.5064992000e-03 9.4417976900e-01
1227 1.2260100000e+01 -1.6948296890e-02 -1.1420241017e+00
1228 1.2270100000e+01 -5.5280558730e-03 6.2858282470e-01
1229 1.2280100000e+01 -1.1813884120e-02 -4.8765233000e-02
1230 1.2290100000e+01 -1.1326231790e-02 -2.8236760700e-01
1231 1.2300100000e+01 -8.5025557200e-03 -2.1542610200e-01
1232 1.2310100000e+01 -6.3482947000e-03 1.1663037280e+00
1233 1.2320100000e+01 -1.8011331980e-02 -1.0053862140e+00
1234 1.2330100000e+01 -7.9574698400e-03 4.7586082000e-02
1235 1.2340100000e+01 -8.4333306600e-03 -1.7591265600e-01
1236 1.2350100000e+01 -6.6742041000e-03 3.3095636000e-02
1237 1.2360100000e+01 -7.0051604600e-03 -3.4482206000e-02
1238 1.2370100000e+01 -6.6603384000e-03 -8.7920746110e-01
1239 1.2380100000e+01 2.1317362110e-03 1.3641573581e+00
1240 1.2390100000e+01 -1.1509837370e-02 -5.9980752300e-01
1241 1.2400100000e+01 -5.5117621400e-03 -5.2644451500e-01
1242 1.2410100000e+01 -2.4731699000e-04 1.0012985420e+00
1243 1.2420100000e+01 -1.0260302410e-02 -5.5557822900e-01
1244 1.2430100000e+01 -4.7045201200e-03 6.7151990000e-03
1245 1.2440100000e+01 -4.7716721100e-03 4.6481029700e-01
1246 1.2450100000e+01 -9.4197750800e-03 -4.9215723500e-01
1247 1.2460100000e+01 -4.4982027300e-03 -1.4714044400e-01
1248 1.2470100000e+01 -3.0267982900e-03 1.4118072100e-01
1249 1.2480100000e+01 -4.4386055000e-03 4.7018979500e-01
1250 1.2490100000e+01 -9.1405034500e-03 1.4651669590e-01
1251 1.2500100000e+01 -1.0605670409e-02 -4.3557145890e-01
1252 1.2510100000e+01 -6.2499558200e-03 -5.4412484000e-01
1253 1.2520100000e+01 -8.0870742000e-04 6.3373038000e-02
1254 1.2530100000e+01 -1.4424378000e-03 7.2370900000e-03
1255 1.2540100000e+01 -1.5148087000e-03 -2.5020988060e-01
1256 1.2550100000e+01 9.8729010600e-04 8.4628456060e-01
1257 1.2560100000e+01 -7.4755555000e-03 -1.5124834800e-01
1258 1.2570100000e+01 -5.9630720200e-03 -3.6270758200e-01
1259 1.2580100000e+01 -2.3359962000e-03 -9.1650604000e-02
1260 1.2590100000e+01 -1.4194901600e-03 1.7945067500e-02
1261 1.2600100000e+01 -1.5989408350e-03 2.3735712350e-01
1262 1.2610100000e+01 -3.9725120700e-03 -5.4056443500e-01
1263 1.2620100000e+01 1.4331322800e-03 7.9434680400e-01
1264 1.2630100000e+01 -6.5103357600e-03 -1.1110914810e+00
1265 1.2640100000e+01 4.6005790500e-03 3.6603156200e-01
1266 1.2650100000e+01 9.4026343000e-04 1.7021752000e-01
1267 1.2660100000e+01 -7.6191177000e-04 -9.4305078800e-01
1268 1.2670100000e+01 8.6685961100e-03 5.3107568860e-01
1269 1.2680100000e+01 3.3578392240e-03 4.1897957040e-01
1270 1.2690100000e+01 -8.3195648000e-04 -2.8209825900e-01
1271 1.2700100000e+01 1.9890261100e-03 2.1206289830e-01
1272 1.2710100000e+01 -1.3160287300e-04 -3.2135624230e-01
1273 1.2720100000e+01 3.0819595500e-03 2.9103337000e-02
1274 1.2730100000e+01 2.7909261800e-03 2.3158123500e-01
1275 1.2740100000e+01 4.7511383000e-04 5.3798364900e-01
1276 1.2750100000e+01 -4.9047226600e-03 -6.4836258400e-01
1277 1.2760100000e+01 1.5789031800e-03 4.1696034300e-01
1278 1.2770100000e+01 -2.5907002500e-03 -8.5219870500e-01
1279 1.2780100000e+01 5.9312868000e-03 5.1914846140e-01
1280 1.2790100000e+01 7.3980218600e-04 -2.6387055740e-01
1281 1.2800100000e+01 3.3785077600e-03 1.4871250400e-01
1282 1.2810100000e+01 1.8913827200e-03 -1.6567131100e-01
1283 1.2820100000e+01 3.5480958300e-03 7.0495802600e-02
1284 1.2830100000e+01 2.8431378040e-03 -6.8470757725e-01
1285 1.2840100000e+01 9.6902135765e-03 8.2524940465e-01
1286 1.2850100000e+01 1.4377195300e-03 -7.6645266900e-01
1287 1.2860100000e+01 9.1022462200e-03 1.1947495460e+00
1288 1.2870100000e+01 -2.8452492400e-03 -1.0523309660e+00
1289 1.2880100000e+01 7.6780604200e-03 2.6945305360e-01
1290 1.2890100000e+01 4.9835298840e-03 8.5325408990e-01
1291 1.2900100000e+01 -3.5490110150e-03 -9.2304859420e-01
1292 1.2910100000e+01 5.6814749270e-03 6.3335734370e-01
1293 1.2920100000e+01 -6.5209851000e-04 -7.8581255000e-01
1294 1.2930100000e+01 7.2060269900e-03 4.4301306000e-01
1295 1.2940100000e+01 2.7758963900e-03 6.6807400900e-01
1296 1.2950100000e+01 -3.9048437000e-03 -6.0235070900e-01
1297 1.2960100000e+01 2.1186633900e-03 -5.4889935600e-01
1298 1.2970100000e+01 7.6076569500e-03 8.9353750100e-01
1299 1.2980100000e+01 -1.3277180600e-03 -3.1009249400e-01
1300 1.2990100000e+01 1.7732068800e-03 5.6859011000e-02
1301 1.3000100000e+01 1.2046167700e-03 -5.1106212500e-01
1302 1.3010100000e+01 6.3152380200e-03 1.5050419000e-02
1303 1.3020100000e+01 6.1647338300e-03 5.7699749700e-01
1304 1.3030100000e+01 3.9475886000e-04 -7.5835244200e-01
1305 1.3040100000e+01 7.9782832800e-03 -2.1258427000e-02
1306 1.3050100000e+01 8.1908675500e-03 7.6162736800e-01
1307 1.3060100000e+01 5.7459387000e-04 -3.4279026094e-01
1308 1.3070100000e+01 4.0024964794e-03 2.0031988094e-01
1309 1.3080100000e+01 1.9992976700e-03 1.1587419500e-01
1310 1.3090100000e+01 8.4055572000e-04 2.3287376800e-01
1311 1.3100100000e+01 -1.4881819600e-03 -8.6756170300e-01
1312 1.3110100000e+01 7.1874350700e-03 6.7348006600e-01
1313 1.3120100000e+01 4.5263441000e-04 -2.4724851000e-01
1314 1.3130100000e+01 2.9251195100e-03 1.0123396430e-01
1315 1.3140100000e+01 1.9127798670e-03 -2.1883307200e-02
1316 1.3150100000e+01 2.1316129390e-03 1.2130255990e-01
1317 1.3160100000e+01 9.1858734000e-04 -5.6441915700e-01
1318 1.3170100000e+01 6.5627789100e-03 4.3233371300e-01
1319 1.3180100000e+01 2.2394417800e-03 -6.0589271020e-01
1320 1.3190100000e+01 8.2983688820e-03 6.7920648220e-01
1321 1.3200100000e+01 1.5063040600e-03 -9.0744165800e-02
1322 1.3210100000e+01 2.4137457180e-03 -7.2334438600e-02
1323 1.3220100000e+01 3.1370901040e-03 2.8484279440e-01
1324 1.3230100000e+01 2.8866216000e-04 -5.5560596513e-01
1325 1.3240100000e+01 5.8447218113e-03 -8.0519599870e-02
1326 1.3250100000e+01 6.6499178100e-03 -5.4606397600e-01
1327 1.3260100000e+01 1.2110557570e-02 4.8526703400e-01
1328 1.3270100000e+01 7.2578872300e-03 2.1633324000e-02
1329 1.3280100000e+01 7.0415539900e-03 3.8874934800e-01
1330 1.3290100000e+01 3.1540605100e-03 -4.2330326300e-01
1331 1.3300100000e+01 7.3870931400e-03 8.0846886660e-01
1332 1.3310100000e+01 -6.9759552600e-04 -4.4605410720e-01
1333 1.3320100000e+01 3.7629455460e-03 6.0034342778e-01
1334 1.3330100000e+01 -2.2404887318e-03 -5.2055790748e-01
1335 1.3340100000e+01 2.9650903430e-03 3.3224663300e-02
1336 1.3350100000e+01 2.6328437100e-03 3.5496256220e-01
1337 1.3360100000e+01 -9.1678191200e-04 -7.9997214220e-01
1338 1.3370100000e+01 7.0829395100e-03 4.2590171600e-01
1339 1.3380100000e+01 2.8239223500e-03 1.0752065460e-01
1340 1.3390100000e+01 1.7487158040e-03 -2.2187940200e-02
1341 1.3400100000e+01 1.9705952060e-03 -9.6767694400e-02
1342 1.3410100000e+01 2.9382721500e-03 -3.6443411000e-02
1343 1.3420100000e+01 3.3027062600e-03 1.6639404300e-01
1344 1.3430100000e+01 1.6387658300e-03 2.3067167500e-01
1345 1.3440100000e+01 -6.6795092000e-04 -4.3771632940e-01
1346 1.3450100000e+01 3.7092123740e-03 -1.6471029460e-01
1347 1.3460100000e+01 5.3563153200e-03 7.8654436000e-02
1348 1.3470100000e+01 4.5697709600e-03 5.4870573000e-01
1349 1.3480100000e+01 -9.1728634000e-04 -1.2193296960e-01
1350 1.3490100000e+01 3.0204335600e-04 -2.6465273770e-01
1351 1.3500100000e+01 2.9485707330e-03 -3.6142086070e-01
1352 1.3510100000e+01 6.5627793400e-03 2.9245188470e-01
1353 1.3520100000e+01 3.6382604930e-03 5.7368579990e-01
1354 1.3530100000e+01 -2.0985975060e-03 -3.0531464360e-01
1355 1.3540100000e+01 9.5454893000e-04 -2.8428880400e-01
1356 1.3550100000e+01 3.7974369700e-03 -2.4499233300e-01
1357 1.3560100000e+01 6.2473603000e-03 1.4258150100e-01
1358 1.3570100000e+01 4.8215452900e-03 -3.0415324000e-02
1359 1.3580100000e+01 5.1256985300e-03 4.5166896940e-01
1360 1.3590100000e+01 6.0900883600e-04 5.1258983560e-01
1361 1.3600100000e+01 -4.5168895200e-03 -9.7362031396e-01
1362 1.3610100000e+01 5.2193136196e-03 3.4238977196e-01
1363 1.3620100000e+01 1.7954159000e-03 -3.7677590400e-01
1364 1.3630100000e+01 5.5631749400e-03 6.1145369900e-01
1365 1.3640100000e+01 -5.5136205000e-04 -5.1083227600e-01
1366 1.3650100000e+01 4.5569607100e-03 3.5618620550e-01
1367 1.3660100000e+01 9.9509865500e-04 6.2052600050e-01
1368 1.3670100000e+01 -5.2101613500e-03 -7.1826974700e-01
1369 1.3680100000e+01 1.9725361200e-03 4.4543007800e-01
1370 1.3690100000e+01 -2.4817646600e-03 5.4920021600e-01
1371 1.3700100000e+01 -7.9737668200e-03 -3.9117862500e-01
1372 1.3710100000e+01 -4.0619805700e-03 -1.1009751050e-01
1373 1.3720100000e+01 -2.9610054650e-03 8.6298714500e-02
1374 1.3730100000e+01 -3.8239926100e-03 -5.1093276900e-01
1375 1.3740100000e+01 1.2853350800e-03 -3.1935104500e-01
1376 1.3750100000e+01 4.4788455300e-03 1.7015035900e-01
1377 1.3760100000e+01 2.7773419400e-03 2.7507220000e-02
1378 1.3770100000e+01 2.5022697400e-03 1.7151010200e-01
1379 1.3780100000e+01 7.8716872000e-04 -2.8149368200e-01
1380 1.3790100000e+01 3.6021055400e-03 1.0668875500e-01
1381 1.3800100000e+01 2.5352179900e-03 1.2543980000e-02
1382 1.3810100000e+01 2.4097781900e-03 -7.4071193000e-02
1383 1.3820100000e+01 3.1504901200e-03 5.2149114000e-01
1384 1.3830100000e+01 -2.0644212800e-03 -6.6277292540e-01
1385 1.3840100000e+01 4.5633079740e-03 3.0601460180e-01
1386 1.3850100000e+01 1.5031619560e-03 -2.5214637840e-01
1387 1.3860100000e+01 4.0246257400e-03 2.3143742000e-02
1388 1.3870100000e+01 3.7931883200e-03 2.3185380400e-01
1389 1.3880100000e+01 1.4746502800e-03 3.1395025500e-02
1390 1.3890100000e+01 1.1607000250e-03 2.0365455450e-01
1391 1.3900100000e+01 -8.7584552000e-04 -5.6756716870e-01
1392 1.3910100000e+01 4.7998261670e-03 1.9839272670e-01
1393 1.3920100000e+01 2.8158989000e-03 -3.0109636300e-01
1394 1.3930100000e+01 5.8268625300e-03 3.4751936970e-01
1395 1.3940100000e+01 2.3516688330e-03 -4.9450006570e-01
1396 1.3950100000e+01 7.2966694900e-03 1.2755653000e-02
1397 1.3960100000e+01 7.1691129600e-03 3.0609049200e-01
1398 1.3970100000e+01 4.1082080400e-03 6.7807166400e-01
1399 1.3980100000e+01 -2.6725086000e-03 -7.1069068600e-01
1400 1.3990100000e+01 4.4343982600e-03 6.3244848100e-01
1401 1.4000100000e+01 -1.8900865500e-03 -3.8061343530e-01
1402 1.4010100000e+01 1.9160478030e-03 5.2178838330e-01
1403 1.4020100000e+01 -3.3018360300e-03 -2.7304687600e-01
1404 1.4030100000e+01 -5.7136727000e-04 3.4163609000e-02
1405 1.4040100000e+01 -9.1300336000e-04 4.5722211600e-02
1406 1.4050100000e+01 -1.3702254760e-03 -3.3766243460e-01
1407 1.4060100000e+01 2.0063988700e-03 -3.5329230000e-03
1408 1.4070100000e+01 2.0417281000e-03 -1.5935178300e-01
1409 1.4080100000e+01 3.6352459300e-03 5.0975506000e-02
1410 1.4090100000e+01 3.1254908700e-03 2.5835547000e-03
1411 1.4100100000e+01 3.0996553230e-03 5.4760074387e-01
1412 1.4110100000e+01 -2.3763521157e-03 4.7498939430e-02
1413 1.4120100000e+01 -2.8513415100e-03 -1.7396345500e-01
1414 1.4130100000e+01 -1.1117069600e-03 -2.3871645060e-01
1415 1.4140100000e+01 1.2754575460e-03 2.3058422060e-01
1416 1.4150100000e+01 -1.0303846600e-03 1.2584607576e-01
1417 1.4160100000e+01 -2.2888454176e-03 1.0363659484e-01
1418 1.4170100000e+01 -3.3252113660e-03 -1.9958994490e-01
1419 1.4180100000e+01 -1.3293119170e-03 -6.5934588700e-02
1420 1.4190100000e+01 -6.6996603000e-04 1.1749471260e-01
1421 1.4200100000e+01 -1.8449131560e-03 -1.2748336560e-01
1422 1.4210100000e+01 -5.7007950000e-04 -6.2999843700e-01
1423 1.4220100000e+01 5.7299048700e-03 6.1504389200e-01
1424 1.4230100000e+01 -4.2053405000e-04 -3.3804724910e-01
1425 1.4240100000e+01 2.9599384410e-03 2.7344249610e-01
1426 1.4250100000e+01 2.2551348000e-04 1.8533051300e-01
1427 1.4260100000e+01 -1.6277916500e-03 -2.5497553000e-02
1428 1.4270100000e+01 -1.3728161200e-03 1.7724839500e-01
1429 1.4280100000e+01 -3.1453000700e-03 -2.1443169240e-01
1430 1.4290100000e+01 -1.0009831460e-03 -7.2941356530e-01
1431 1.4300100000e+01 6.2931525070e-03 7.5193879420e-01
1432 1.4310100000e+01 -1.2262354350e-03 -1.5779591640e-01
1433 1.4320100000e+01 3.5172372900e-04 9.0975249000e-03
1434 1.4330100000e+01 2.6074848000e-04 -2.5623567100e-01
1435 1.4340100000e+01 2.8231051900e-03 8.1948875000e-01
1436 1.4350100000e+01 -5.3717823100e-03 -1.0365400270e+00
1437 1.4360100000e+01 4.9936179600e-03 7.3635411900e-01
1438 1.4370100000e+01 -2.3699232300e-03 -4.1612532500e-01
1439 1.4380100000e+01 1.7913300200e-03 -3.0156575000e-01
1440 1.4390100000e+01 4.8069875200e-03 2.6257765700e-01
1441 1.4400100000e+01 2.1812109500e-03 4.4235145200e-01
1442 1.4410100000e+01 -2.2423035700e-03 -6.3226759630e-01
1443 1.4420100000e+01 4.0803723930e-03 4.7464679330e-01
1444 1.4430100000e+01 -6.6609554000e-04 -4.2823678650e-01
1445 1.4440100000e+01 3.6162723250e-03 3.7057976700e-01
1446 1.4450100000e+01 -8.9525345000e-05 2.5265017750e-01
1447 1.4460100000e+01 -2.6160271200e-03 -2.8480956200e-01
1448 1.4470100000e+01 2.3206850000e-04 1.9371998050e-01
1449 1.4480100000e+01 -1.7051313050e-03 2.6316675600e-01
1450 1.4490100000e+01 -4.3367988650e-03 -4.9060595350e-01
1451 1.4500100000e+01 5.6926067000e-04 -3.8013564190e-01
1452 1.4510100000e+01 4.3706170890e-03 5.9185972080e-01
1453 1.4520100000e+01 -1.5479801190e-03 3.9454931100e-02
1454 1.4530100000e+01 -1.9425294300e-03 -6.2992033400e-01
1455 1.4540100000e+01 4.3566739100e-03 4.6290597280e-01
1456 1.4550100000e+01 -2.7238581800e-04 5.1536456820e-01
1457 1.4560100000e+01 -5.4260315000e-03 -7.4463143200e-01
1458 1.4570100000e+01 2.0202828200e-03 -6.0432975800e-02
1459 1.4580100000e+01 2.6246125780e-03 3.2312493520e-01
1460 1.4590100000e+01 -6.0663677400e-04 -4.2979910040e-01
1461 1.4600100000e+01 3.6913542300e-03 6.7597448800e-01
1462 1.4610100000e+01 -3.0683906500e-03 -8.9329122956e-01
1463 1.4620100000e+01 5.8645216456e-03 5.4829558256e-01
1464 1.4630100000e+01 3.8156582000e-04 -1.4438762700e-01
1465 1.4640100000e+01 1.8254420900e-03 4.1187270000e-02
1466 1.4650100000e+01 1.4135693900e-03 3.5876708146e-01
1467 1.4660100000e+01 -2.1741014246e-03 -4.3977537466e-01
1468 1.4670100000e+01 2.2236523220e-03 8.2182633870e-01
1469 1.4680100000e+01 -5.9946110650e-03 -1.0620758868e+00
1470 1.4690100000e+01 4.6261478030e-03 5.0750125810e-01
1471 1.4700100000e+01 -4.4886477800e-04 -1.4903310420e-01
1472 1.4710100000e+01 1.0414662640e-03 -1.1181653930e-01
1473 1.4720100000e+01 2.1596316570e-03 3.6593042670e-01
1474 1.4730100000e+01 -1.4996726100e-03 -7.3624662400e-01
1475 1.4740100000e+01 5.8627936300e-03 -7.2748030000e-02
1476 1.4750100000e+01 6.5902739300e-03 6.0479338040e-01
1477 1.4760100000e+01 5.4234012600e-04 5.4761537430e-01
1478 1.4770100000e+01 -4.9338136170e-03 -2.8342655970e-01
1479 1.4780100000e+01 -2.0995480200e-03 1.5275866600e-01
1480 1.4790100000e+01 -3.6271346800e-03 -1.4343882100e-01
1481 1.4800100000e+01 -2.1927464700e-03 -2.2762235900e-01
1482 1.4810100000e+01 8.3477120000e-05 -2.2306973700e-01
1483 1.4820100000e+01 2.3141744900e-03 9.3263113610e-01
1484 1.4830100000e+01 -7.0121368710e-03 -7.2098878510e-01
1485 1.4840100000e+01 1.9775098000e-04 1.8621139560e-01
1486 1.4850100000e+01 -1.6643629760e-03 2.2108447940e-01
1487 1.4860100000e+01 -3.8752077700e-03 -4.7662041500e-01
1488 1.4870100000e+01 8.9099638000e-04 3.5837967310e-01
1489 1.4880100000e+01 -2.6928003510e-03 -9.4868290710e-01
1490 1.4890100000e+01 6.7940287200e-03 4.1169895371e-01
1491 1.4900100000e+01 2.6770391829e-03 1.9569754429e-01
1492 1.4910100000e+01 7.2006374000e-04 1.1816094380e-01
1493 1.4920100000e+01 -4.6154569800e-04 1.3468941000e-03
1494 1.4930100000e+01 -4.7501463900e-04 -6.4791488990e-01
1495 1.4940100000e+01 6.0041342600e-03 2.4131850900e-01
1496 1.4950100000e+01 3.5909491700e-03 1.4237477910e-01
1497 1.4960100000e+01 2.1672013790e-03 7.9220379690e-01
1498 1.4970100000e+01 -5.7548365900e-03 -1.0919067751e+00
1499 1.4980100000e+01 5.1642311610e-03 -4.0003061900e-02
1500 1.4990100000e+01 5.5642617800e-03 3.0637878460e-01
1501 1.5000100000e+01 2.5004739340e-03 3.3497011740e-02
1502 1.5010100000e+01 2.1655038166e-03 -4.5650969474e-01
1503 1.5020100000e+01 6.7306007640e-03 3.0067987337e-01
1504 1.5030100000e+01 3.7238020303e-03 2.0035478773e-01
1505 1.5040100000e+01 1.7202541530e-03 -2.7291379500e-02
1506 1.5050100000e+01 1.9931679480e-03 2.1632854680e-01
1507 1.5060100000e+01 -1.7011752000e-04 3.2192379400e-02
1508 1.5070100000e+01 -4.9204131400e-04 -1.2593764070e-01
1509 1.5080100000e+01 7.6733509300e-04 -6.6459271400e-02
1510 1.5090100000e+01 1.4319278070e-03 3.6733360870e-01
1511 1.5100100000e+01 -2.2414082800e-03 4.9170893000e-01
1512 1.5110100000e+01 -7.1584975800e-03 -1.2083674790e+00
1513 1.5120100000e+01 4.9251772100e-03 2.7544634500e-01
1514 1.5130100000e+01 2.1707137600e-03 -2.3671352800e-01
1515 1.5140100000e+01 4.5378490400e-03 -4.5617798800e-01
1516 1.5150100000e+01 9.0996289200e-03 6.9016037280e-01
1517 1.5160100000e+01 2.1980251920e-03 4.8227251620e-01
1518 1.5170100000e+01 -2.6246999700e-03 1.8710093300e-01
1519 1.5180100000e+01 -4.4957093000e-03 -1.8962279100e-01
1520 1.5190100000e+01 -2.5994813900e-03 -2.5325363700e-01
1521 1.5200100000e+01 -6.6945020000e-05 7.7531181000e-02
1522 1.5210100000e+01 -8.4225683000e-04 -2.3178755220e-01
1523 1.5220100000e+01 1.4756186920e-03 7.6943290200e-02
1524 1.5230100000e+01 7.0618579000e-04 2.7917550800e-01
1525 1.5240100000e+01 -2.0855692900e-03 -9.7051720750e-02
1526 1.5250100000e+01 -1.1150520825e-03 -2.8185567525e-01
1527 1.5260100000e+01 1.7035046700e-03 -1.2860226900e-01
1528 1.5270100000e+01 2.9895273600e-03 -1.1720824930e-01
1529 1.5280100000e+01 4.1616098530e-03 4.5028400330e-01
1530 1.5290100000e+01 -3.4123018000e-04 -1.7749622528e-01
1531 1.5300100000e+01 1.4337320728e-03 -5.8762244772e-01
1532 1.5310100000e+01 7.3099565500e-03 1.1275185990e+00
1533 1.5320100000e+01 -3.9652294400e-03 -5.4813430500e-01
1534 1.5330100000e+01 1.5161136100e-03 3.4057630600e-01
1535 1.5340100000e+01 -1.8896494500e-03 -6.3866548040e-01
1536 1.5350100000e+01 4.4970053540e-03 -8.3490006600e-02
1537 1.5360100000e+01 5.3319054200e-03 1.0016935640e+00
1538 1.5370100000e+01 -4.6850302200e-03 -2.8699972740e-01
1539 1.5380100000e+01 -1.8150329460e-03 3.7641538440e-01
1540 1.5390100000e+01 -5.5791867900e-03 -8.8029180300e-01
1541 1.5400100000e+01 3.2237312400e-03 6.9988771300e-01
1542 1.5410100000e+01 -3.7751458900e-03 -5.1305631470e-01
1543 1.5420100000e+01 1.3554172570e-03 1.6786558920e-01
1544 1.5430100000e+01 -3.2323863500e-04 -2.1057232950e-01
1545 1.5440100000e+01 1.7824846600e-03 1.1178284800e-01
1546 1.5450100000e+01 6.6465618000e-04 1.7497685200e-01
1547 1.5460100000e+01 -1.0851123400e-03 5.4748239500e-02
1548 1.5470100000e+01 -1.6325947350e-03 -2.2768773398e-01
1549 1.5480100000e+01 6.4428260480e-04 -1.8284409652e-01
1550 1.5490100000e+01 2.4727235700e-03 -0.0000000000e+00
