VOTCA
N 1550 R 0.000100 15.500000

1 1.0000000002e-04 3.0816854651e+03 1.0000000000e+03
2 1.0100000000e-02 3.0716854651e+03 1.0000000000e+03
3 2.0100000000e-02 3.0616854651e+03 1.0000000000e+03
4 3.0100000000e-02 3.0516854651e+03 1.0000000000e+03
5 4.0100000000e-02 3.0416854651e+03 1.0000000000e+03
6 5.0100000000e-02 3.0316854651e+03 1.0000000000e+03
7 6.0100000000e-02 3.0216854651e+03 1.0000000000e+03
8 7.0100000000e-02 3.0116854651e+03 1.0000000000e+03
9 8.0100000000e-02 3.0016854651e+03 1.0000000000e+03
10 9.0100000000e-02 2.9916854651e+03 1.0000000000e+03
11 1.0010000000e-01 2.9816854651e+03 1.0000000000e+03
12 1.1010000000e-01 2.9716854651e+03 1.0000000000e+03
13 1.2010000000e-01 2.9616854651e+03 1.0000000000e+03
14 1.3010000000e-01 2.9516854651e+03 1.0000000000e+03
15 1.4010000000e-01 2.9416854651e+03 1.0000000000e+03
16 1.5010000000e-01 2.9316854651e+03 1.0000000000e+03
17 1.6010000000e-01 2.9216854651e+03 1.0000000000e+03
18 1.7010000000e-01 2.9116854651e+03 1.0000000000e+03
19 1.8010000000e-01 2.9016854651e+03 1.0000000000e+03
20 1.9010000000e-01 2.8916854651e+03 1.0000000000e+03
21 2.0010000000e-01 2.8816854651e+03 1.0000000000e+03
22 2.1010000000e-01 2.8716854651e+03 1.0000000000e+03
23 2.2010000000e-01 2.8616854651e+03 1.0000000000e+03
24 2.3010000000e-01 2.8516854651e+03 1.0000000000e+03
25 2.4010000000e-01 2.8416854651e+03 1.0000000000e+03
26 2.5010000000e-01 2.8316854651e+03 1.0000000000e+03
27 2.6010000000e-01 2.8216854651e+03 1.0000000000e+03
28 2.7010000000e-01 2.8116854651e+03 1.0000000000e+03
29 2.8010000000e-01 2.8016854651e+03 1.0000000000e+03
30 2.9010000000e-01 2.7916854651e+03 1.0000000000e+03
31 3.0010000000e-01 2.7816854651e+03 1.0000000000e+03
32 3.1010000000e-01 2.7716854651e+03 1.0000000000e+03
33 3.2010000000e-01 2.7616854651e+03 1.0000000000e+03
34 3.3010000000e-01 2.7516854651e+03 1.0000000000e+03
35 3.4010000000e-01 2.7416854651e+03 1.0000000000e+03
36 3.5010000000e-01 2.7316854651e+03 1.0000000000e+03
37 3.6010000000e-01 2.7216854651e+03 1.0000000000e+03
38 3.7010000000e-01 2.7116854651e+03 1.0000000000e+03
39 3.8010000000e-01 2.7016854651e+03 1.0000000000e+03
40 3.9010000000e-01 2.6916854651e+03 1.0000000000e+03
41 4.0010000000e-01 2.6816854651e+03 1.0000000000e+03
42 4.1010000000e-01 2.6716854651e+03 1.0000000000e+03
43 4.2010000000e-01 2.6616854651e+03 1.0000000000e+03
44 4.3010000000e-01 2.6516854651e+03 1.0000000000e+03
45 4.4010000000e-01 2.6416854651e+03 1.0000000000e+03
46 4.5010000000e-01 2.6316854651e+03 1.0000000000e+03
47 4.6010000000e-01 2.6216854651e+03 1.0000000000e+03
48 4.7010000000e-01 2.6116854651e+03 1.0000000000e+03
49 4.8010000000e-01 2.6016854651e+03 1.0000000000e+03
50 4.9010000000e-01 2.5916854651e+03 1.0000000000e+03
51 5.0010000000e-01 2.5816854651e+03 1.0000000000e+03
52 5.1010000000e-01 2.5716854651e+03 1.0000000000e+03
53 5.2010000000e-01 2.5616854651e+03 1.0000000000e+03
54 5.3010000000e-01 2.5516854651e+03 1.0000000000e+03
55 5.4010000000e-01 2.5416854651e+03 1.0000000000e+03
56 5.5010000000e-01 2.5316854651e+03 1.0000000000e+03
57 5.6010000000e-01 2.5216854651e+03 1.0000000000e+03
58 5.7010000000e-01 2.5116854651e+03 1.0000000000e+03
59 5.8010000000e-01 2.5016854651e+03 1.0000000000e+03
60 5.9010000000e-01 2.4916854651e+03 1.0000000000e+03
61 6.0010000000e-01 2.4816854651e+03 1.0000000000e+03
62 6.1010000000e-01 2.4716854651e+03 1.0000000000e+03
63 6.2010000000e-01 2.4616854651e+03 1.0000000000e+03
64 6.3010000000e-01 2.4516854651e+03 1.0000000000e+03
65 6.4010000000e-01 2.4416854651e+03 1.0000000000e+03
66 6.5010000000e-01 2.4316854651e+03 1.0000000000e+03
67 6.6010000000e-01 2.4216854651e+03 1.0000000000e+03
68 6.7010000000e-01 2.4116854651e+03 1.0000000000e+03
69 6.8010000000e-01 2.4016854651e+03 1.0000000000e+03
70 6.9010000000e-01 2.3916854651e+03 1.0000000000e+03
71 7.0010000000e-01 2.3816854651e+03 1.0000000000e+03
72 7.1010000000e-01 2.3716854651e+03 1.0000000000e+03
73 7.2010000000e-01 2.3616854651e+03 1.0000000000e+03
74 7.3010000000e-01 2.3516854651e+03 1.0000000000e+03
75 7.4010000000e-01 2.3416854651e+03 1.0000000000e+03
76 7.5010000000e-01 2.3316854651e+03 1.0000000000e+03
77 7.6010000000e-01 2.3216854651e+03 1.0000000000e+03
78 7.7010000000e-01 2.3116854651e+03 1.0000000000e+03
79 7.8010000000e-01 2.3016854651e+03 1.0000000000e+03
80 7.9010000000e-01 2.2916854651e+03 1.0000000000e+03
81 8.0010000000e-01 2.2816854651e+03 1.0000000000e+03
82 8.1010000000e-01 2.2716854651e+03 1.0000000000e+03
83 8.2010000000e-01 2.2616854651e+03 1.0000000000e+03
84 8.3010000000e-01 2.2516854651e+03 1.0000000000e+03
85 8.4010000000e-01 2.2416854651e+03 1.0000000000e+03
86 8.5010000000e-01 2.2316854651e+03 1.0000000000e+03
87 8.6010000000e-01 2.2216854651e+03 1.0000000000e+03
88 8.7010000000e-01 2.2116854651e+03 1.0000000000e+03
89 8.8010000000e-01 2.2016854651e+03 1.0000000000e+03
90 8.9010000000e-01 2.1916854651e+03 1.0000000000e+03
91 9.0010000000e-01 2.1816854651e+03 1.0000000000e+03
92 9.1010000000e-01 2.1716854651e+03 1.0000000000e+03
93 9.2010000000e-01 2.1616854651e+03 1.0000000000e+03
94 9.3010000000e-01 2.1516854651e+03 1.0000000000e+03
95 9.4010000000e-01 2.1416854651e+03 1.0000000000e+03
96 9.5010000000e-01 2.1316854651e+03 1.0000000000e+03
97 9.6010000000e-01 2.1216854651e+03 1.0000000000e+03
98 9.7010000000e-01 2.1116854651e+03 1.0000000000e+03
99 9.8010000000e-01 2.1016854651e+03 1.0000000000e+03
100 9.9010000000e-01 2.0916854651e+03 1.0000000000e+03
101 1.0001000000e+00 2.0816854651e+03 1.0000000000e+03
102 1.0101000000e+00 2.0716854651e+03 1.0000000000e+03
103 1.0201000000e+00 2.0616854651e+03 1.0000000000e+03
104 1.0301000000e+00 2.0516854651e+03 1.0000000000e+03
105 1.0401000000e+00 2.0416854651e+03 1.0000000000e+03
106 1.0501000000e+00 2.0316854651e+03 1.0000000000e+03
107 1.0601000000e+00 2.0216854651e+03 1.0000000000e+03
108 1.0701000000e+00 2.0116854651e+03 1.0000000000e+03
109 1.0801000000e+00 2.0016854651e+03 1.0000000000e+03
110 1.0901000000e+00 1.9916854651e+03 1.0000000000e+03
111 1.1001000000e+00 1.9816854651e+03 1.0000000000e+03
112 1.1101000000e+00 1.9716854651e+03 1.0000000000e+03
113 1.1201000000e+00 1.9616854651e+03 1.0000000000e+03
114 1.1301000000e+00 1.9516854651e+03 1.0000000000e+03
115 1.1401000000e+00 1.9416854651e+03 1.0000000000e+03
116 1.1501000000e+00 1.9316854651e+03 1.0000000000e+03
117 1.1601000000e+00 1.9216854651e+03 1.0000000000e+03
118 1.1701000000e+00 1.9116854651e+03 1.0000000000e+03
119 1.1801000000e+00 1.9016854651e+03 1.0000000000e+03
120 1.1901000000e+00 1.8916854651e+03 1.0000000000e+03
121 1.2001000000e+00 1.8816854651e+03 1.0000000000e+03
122 1.2101000000e+00 1.8716854651e+03 1.0000000000e+03
123 1.2201000000e+00 1.8616854651e+03 1.0000000000e+03
124 1.2301000000e+00 1.8516854651e+03 1.0000000000e+03
125 1.2401000000e+00 1.8416854651e+03 1.0000000000e+03
126 1.2501000000e+00 1.8316854651e+03 1.0000000000e+03
127 1.2601000000e+00 1.8216854651e+03 1.0000000000e+03
128 1.2701000000e+00 1.8116854651e+03 1.0000000000e+03
129 1.2801000000e+00 1.8016854651e+03 1.0000000000e+03
130 1.2901000000e+00 1.7916854651e+03 1.0000000000e+03
131 1.3001000000e+00 1.7816854651e+03 1.0000000000e+03
132 1.3101000000e+00 1.7716854651e+03 1.0000000000e+03
133 1.3201000000e+00 1.7616854651e+03 1.0000000000e+03
134 1.3301000000e+00 1.7516854651e+03 1.0000000000e+03
135 1.3401000000e+00 1.7416854651e+03 1.0000000000e+03
136 1.3501000000e+00 1.7316854651e+03 1.0000000000e+03
137 1.3601000000e+00 1.7216854651e+03 1.0000000000e+03
138 1.3701000000e+00 1.7116854651e+03 1.0000000000e+03
139 1.3801000000e+00 1.7016854651e+03 1.0000000000e+03
140 1.3901000000e+00 1.6916854651e+03 1.0000000000e+03
141 1.4001000000e+00 1.6816854651e+03 1.0000000000e+03
142 1.4101000000e+00 1.6716854651e+03 1.0000000000e+03
143 1.4201000000e+00 1.6616854651e+03 1.0000000000e+03
144 1.4301000000e+00 1.6516854651e+03 1.0000000000e+03
145 1.4401000000e+00 1.6416854651e+03 1.0000000000e+03
146 1.4501000000e+00 1.6316854651e+03 1.0000000000e+03
147 1.4601000000e+00 1.6216854651e+03 1.0000000000e+03
148 1.4701000000e+00 1.6116854651e+03 1.0000000000e+03
149 1.4801000000e+00 1.6016854651e+03 1.0000000000e+03
150 1.4901000000e+00 1.5916854651e+03 1.0000000000e+03
151 1.5001000000e+00 1.5816854651e+03 1.0000000000e+03
152 1.5101000000e+00 1.5716854651e+03 1.0000000000e+03
153 1.5201000000e+00 1.5616854651e+03 1.0000000000e+03
154 1.5301000000e+00 1.5516854651e+03 1.0000000000e+03
155 1.5401000000e+00 1.5416854651e+03 1.0000000000e+03
156 1.5501000000e+00 1.5316854651e+03 1.0000000000e+03
157 1.5601000000e+00 1.5216854651e+03 1.0000000000e+03
158 1.5701000000e+00 1.5116854651e+03 1.0000000000e+03
159 1.5801000000e+00 1.5016854651e+03 1.0000000000e+03
160 1.5901000000e+00 1.4916854651e+03 1.0000000000e+03
161 1.6001000000e+00 1.4816854651e+03 1.0000000000e+03
162 1.6101000000e+00 1.4716854651e+03 1.0000000000e+03
163 1.6201000000e+00 1.4616854651e+03 1.0000000000e+03
164 1.6301000000e+00 1.4516854651e+03 1.0000000000e+03
165 1.6401000000e+00 1.4416854651e+03 1.0000000000e+03
166 1.6501000000e+00 1.4316854651e+03 1.0000000000e+03
167 1.6601000000e+00 1.4216854651e+03 1.0000000000e+03
168 1.6701000000e+00 1.4116854651e+03 1.0000000000e+03
169 1.6801000000e+00 1.4016854651e+03 1.0000000000e+03
170 1.6901000000e+00 1.3916854651e+03 1.0000000000e+03
171 1.7001000000e+00 1.3816854651e+03 1.0000000000e+03
172 1.7101000000e+00 1.3716854651e+03 1.0000000000e+03
173 1.7201000000e+00 1.3616854651e+03 1.0000000000e+03
174 1.7301000000e+00 1.3516854651e+03 1.0000000000e+03
175 1.7401000000e+00 1.3416854651e+03 1.0000000000e+03
176 1.7501000000e+00 1.3316854651e+03 1.0000000000e+03
177 1.7601000000e+00 1.3216854651e+03 1.0000000000e+03
178 1.7701000000e+00 1.3116854651e+03 1.0000000000e+03
179 1.7801000000e+00 1.3016854651e+03 1.0000000000e+03
180 1.7901000000e+00 1.2916854651e+03 1.0000000000e+03
181 1.8001000000e+00 1.2816854651e+03 1.0000000000e+03
182 1.8101000000e+00 1.2716854651e+03 1.0000000000e+03
183 1.8201000000e+00 1.2616854651e+03 1.0000000000e+03
184 1.8301000000e+00 1.2516854651e+03 1.0000000000e+03
185 1.8401000000e+00 1.2416854651e+03 1.0000000000e+03
186 1.8501000000e+00 1.2316854651e+03 1.0000000000e+03
187 1.8601000000e+00 1.2216854651e+03 1.0000000000e+03
188 1.8701000000e+00 1.2116854651e+03 1.0000000000e+03
189 1.8801000000e+00 1.2016854651e+03 1.0000000000e+03
190 1.8901000000e+00 1.1916854651e+03 1.0000000000e+03
191 1.9001000000e+00 1.1816854651e+03 1.0000000000e+03
192 1.9101000000e+00 1.1716854651e+03 1.0000000000e+03
193 1.9201000000e+00 1.1616854651e+03 1.0000000000e+03
194 1.9301000000e+00 1.1516854651e+03 1.0000000000e+03
195 1.9401000000e+00 1.1416854651e+03 1.0000000000e+03
196 1.9501000000e+00 1.1316854651e+03 1.0000000000e+03
197 1.9601000000e+00 1.1216854651e+03 1.0000000000e+03
198 1.9701000000e+00 1.1116854651e+03 1.0000000000e+03
199 1.9801000000e+00 1.1016854651e+03 1.0000000000e+03
200 1.9901000000e+00 1.0916854651e+03 1.0000000000e+03
201 2.0001000000e+00 1.0816854651e+03 1.0000000000e+03
202 2.0101000000e+00 1.0716854651e+03 1.0000000000e+03
203 2.0201000000e+00 1.0616854651e+03 1.0000000000e+03
204 2.0301000000e+00 1.0516854651e+03 1.0000000000e+03
205 2.0401000000e+00 1.0416854651e+03 1.0000000000e+03
206 2.0501000000e+00 1.0316854651e+03 1.0000000000e+03
207 2.0601000000e+00 1.0216854651e+03 1.0000000000e+03
208 2.0701000000e+00 1.0116854651e+03 1.0000000000e+03
209 2.0801000000e+00 1.0016854651e+03 1.0000000000e+03
210 2.0901000000e+00 9.9168546508e+02 1.0000000000e+03
211 2.1001000000e+00 9.8168546508e+02 1.0000000000e+03
212 2.1101000000e+00 9.7168546508e+02 1.0000000000e+03
213 2.1201000000e+00 9.6168546508e+02 1.0000000000e+03
214 2.1301000000e+00 9.5168546508e+02 1.0000000000e+03
215 2.1401000000e+00 9.4168546508e+02 1.0000000000e+03
216 2.1501000000e+00 9.3168546508e+02 1.0000000000e+03
217 2.1601000000e+00 9.2168546508e+02 1.0000000000e+03
218 2.1701000000e+00 9.1168546508e+02 1.0000000000e+03
219 2.1801000000e+00 9.0168546508e+02 1.0000000000e+03
220 2.1901000000e+00 8.9168546508e+02 1.0000000000e+03
221 2.2001000000e+00 8.8168546508e+02 1.0000000000e+03
222 2.2101000000e+00 8.7168546508e+02 1.0000000000e+03
223 2.2201000000e+00 8.6168546508e+02 1.0000000000e+03
224 2.2301000000e+00 8.5168546508e+02 1.0000000000e+03
225 2.2401000000e+00 8.4168546508e+02 1.0000000000e+03
226 2.2501000000e+00 8.3168546508e+02 1.0000000000e+03
227 2.2601000000e+00 8.2168546508e+02 1.0000000000e+03
228 2.2701000000e+00 8.1168546508e+02 1.0000000000e+03
229 2.2801000000e+00 8.0168546508e+02 1.0000000000e+03
230 2.2901000000e+00 7.9168546508e+02 1.0000000000e+03
231 2.3001000000e+00 7.8168546508e+02 1.0000000000e+03
232 2.3101000000e+00 7.7168546508e+02 1.0000000000e+03
233 2.3201000000e+00 7.6168546508e+02 1.0000000000e+03
234 2.3301000000e+00 7.5168546508e+02 1.0000000000e+03
235 2.3401000000e+00 7.4168546508e+02 1.0000000000e+03
236 2.3501000000e+00 7.3168546508e+02 1.0000000000e+03
237 2.3601000000e+00 7.2168546508e+02 1.0000000000e+03
238 2.3701000000e+00 7.1168546508e+02 1.0000000000e+03
239 2.3801000000e+00 7.0168546508e+02 1.0000000000e+03
240 2.3901000000e+00 6.9168546508e+02 1.0000000000e+03
241 2.4001000000e+00 6.8168546508e+02 1.0000000000e+03
242 2.4101000000e+00 6.7168546508e+02 1.0000000000e+03
243 2.4201000000e+00 6.6168546508e+02 1.0000000000e+03
244 2.4301000000e+00 6.5168546508e+02 1.0000000000e+03
245 2.4401000000e+00 6.4168546508e+02 1.0000000000e+03
246 2.4501000000e+00 6.3168546508e+02 1.0000000000e+03
247 2.4601000000e+00 6.2168546508e+02 1.0000000000e+03
248 2.4701000000e+00 6.1168546508e+02 1.0000000000e+03
249 2.4801000000e+00 6.0168546508e+02 1.0000000000e+03
250 2.4901000000e+00 5.9168546508e+02 1.0000000000e+03
251 2.5001000000e+00 5.8168546508e+02 1.0000000000e+03
252 2.5101000000e+00 5.7168546508e+02 1.0000000000e+03
253 2.5201000000e+00 5.6168546508e+02 1.0000000000e+03
254 2.5301000000e+00 5.5168546508e+02 1.0000000000e+03
255 2.5401000000e+00 5.4168546508e+02 1.0000000000e+03
256 2.5501000000e+00 5.3168546508e+02 1.0000000000e+03
257 2.5601000000e+00 5.2168546508e+02 1.0000000000e+03
258 2.5701000000e+00 5.1168546508e+02 1.0000000000e+03
259 2.5801000000e+00 5.0168546508e+02 1.0000000000e+03
260 2.5901000000e+00 4.9168546508e+02 1.0000000000e+03
261 2.6001000000e+00 4.8168546508e+02 1.0000000000e+03
262 2.6101000000e+00 4.7168546508e+02 1.0000000000e+03
263 2.6201000000e+00 4.6168546508e+02 1.0000000000e+03
264 2.6301000000e+00 4.5168546508e+02 1.0000000000e+03
265 2.6401000000e+00 4.4168546508e+02 1.0000000000e+03
266 2.6501000000e+00 4.3168546508e+02 1.0000000000e+03
267 2.6601000000e+00 4.2168546508e+02 1.0000000000e+03
268 2.6701000000e+00 4.1168546508e+02 1.0000000000e+03
269 2.6801000000e+00 4.0168546508e+02 1.0000000000e+03
270 2.6901000000e+00 3.9168546508e+02 1.0000000000e+03
271 2.7001000000e+00 3.8168546508e+02 1.0000000000e+03
272 2.7101000000e+00 3.7168546508e+02 1.0000000000e+03
273 2.7201000000e+00 3.6168546508e+02 1.0000000000e+03
274 2.7301000000e+00 3.5168546508e+02 1.0000000000e+03
275 2.7401000000e+00 3.4168546508e+02 1.0000000000e+03
276 2.7501000000e+00 3.3168546508e+02 1.0000000000e+03
277 2.7601000000e+00 3.2168546508e+02 1.0000000000e+03
278 2.7701000000e+00 3.1168546508e+02 1.0000000000e+03
279 2.7801000000e+00 3.0168546508e+02 1.0000000000e+03
280 2.7901000000e+00 2.9168546508e+02 1.0000000000e+03
281 2.8001000000e+00 2.8168546508e+02 1.0000000000e+03
282 2.8101000000e+00 2.7168546508e+02 1.0000000000e+03
283 2.8201000000e+00 2.6168546508e+02 1.0000000000e+03
284 2.8301000000e+00 2.5168546508e+02 1.0000000000e+03
285 2.8401000000e+00 2.4168546508e+02 1.0000000000e+03
286 2.8501000000e+00 2.3168546508e+02 1.0000000000e+03
287 2.8601000000e+00 2.2168546508e+02 1.0000000000e+03
288 2.8701000000e+00 2.1168546508e+02 1.0000000000e+03
289 2.8801000000e+00 2.0168546508e+02 1.0000000000e+03
290 2.8901000000e+00 1.9168546508e+02 1.0000000000e+03
291 2.9001000000e+00 1.8168546508e+02 1.0000000000e+03
292 2.9101000000e+00 1.7168546508e+02 1.0000000000e+03
293 2.9201000000e+00 1.6168546508e+02 1.0000000000e+03
294 2.9301000000e+00 1.5168546508e+02 1.0000000000e+03
295 2.9401000000e+00 1.4168546508e+02 1.0000000000e+03
296 2.9501000000e+00 1.3168546508e+02 1.0000000000e+03
297 2.9601000000e+00 1.2168546508e+02 1.0000000000e+03
298 2.9701000000e+00 1.1168546508e+02 1.0000000000e+03
299 2.9801000000e+00 1.0168546508e+02 1.0000000000e+03
300 2.9901000000e+00 9.1685465080e+01 1.0000000000e+03
301 3.0001000000e+00 8.1685465080e+01 2.9521126000e+02
302 3.0101000000e+00 7.8733352480e+01 1.6055218000e+02
303 3.0201000000e+00 7.7127830680e+01 2.0804300000e+02
304 3.0301000000e+00 7.5047400680e+01 2.8103340000e+01
305 3.0401000000e+00 7.4766367280e+01 1.9391701000e+02
306 3.0501000000e+00 7.2827197180e+01 5.2980030000e+01
307 3.0601000000e+00 7.2297396880e+01 2.7003255000e+02
308 3.0701000000e+00 6.9597071380e+01 4.7285060000e+01
309 3.0801000000e+00 6.9124220780e+01 1.6320152000e+02
310 3.0901000000e+00 6.7492205580e+01 4.9587560000e+01
311 3.1001000000e+00 6.6996329980e+01 2.1734737000e+02
312 3.1101000000e+00 6.4822856280e+01 1.1737404000e+02
313 3.1201000000e+00 6.3649115880e+01 2.8663540000e+02
314 3.1301000000e+00 6.0782761880e+01 -8.3770400000e+00
315 3.1401000000e+00 6.0866532280e+01 1.7721957000e+02
316 3.1501000000e+00 5.9094336580e+01 7.7454800000e+01
317 3.1601000000e+00 5.8319788580e+01 2.6644684000e+02
318 3.1701000000e+00 5.5655320180e+01 3.2103300000e+00
319 3.1801000000e+00 5.5623216880e+01 -1.2670300000e+01
320 3.1901000000e+00 5.5749919880e+01 1.7604939000e+02
321 3.2001000000e+00 5.3989425980e+01 7.6055300000e+01
322 3.2101000000e+00 5.3228872980e+01 1.6138794000e+02
323 3.2201000000e+00 5.1614993580e+01 -9.8201840000e+01
324 3.2301000000e+00 5.2597011980e+01 2.6840110000e+02
325 3.2401000000e+00 4.9913000980e+01 1.6190150000e+02
326 3.2501000000e+00 4.8293985980e+01 -4.2349290000e+01
327 3.2601000000e+00 4.8717478880e+01 1.4304999000e+02
328 3.2701000000e+00 4.7286978980e+01 1.4966650000e+02
329 3.2801000000e+00 4.5790313980e+01 1.4809630000e+01
330 3.2901000000e+00 4.5642217680e+01 1.0914523000e+02
331 3.3001000000e+00 4.4550765380e+01 6.3297450000e+01
332 3.3101000000e+00 4.3917790880e+01 8.9864850000e+01
333 3.3201000000e+00 4.3019142380e+01 7.7267440000e+01
334 3.3301000000e+00 4.2246467980e+01 1.1777413000e+02
335 3.3401000000e+00 4.1068726680e+01 7.5599130000e+01
336 3.3501000000e+00 4.0312735380e+01 9.3248570000e+01
337 3.3601000000e+00 3.9380249680e+01 6.0768650000e+01
338 3.3701000000e+00 3.8772563180e+01 1.3965401000e+02
339 3.3801000000e+00 3.7376023080e+01 -4.4475320000e+01
340 3.3901000000e+00 3.7820776280e+01 7.3910660000e+01
341 3.4001000000e+00 3.7081669680e+01 7.2811230000e+01
342 3.4101000000e+00 3.6353557380e+01 1.1770451000e+02
343 3.4201000000e+00 3.5176512280e+01 3.6302630000e+01
344 3.4301000000e+00 3.4813485980e+01 5.7002420000e+01
345 3.4401000000e+00 3.4243461780e+01 6.3807700000e+01
346 3.4501000000e+00 3.3605384780e+01 1.5401780000e+01
347 3.4601000000e+00 3.3451366980e+01 9.6757800000e+01
348 3.4701000000e+00 3.2483788980e+01 3.4467170000e+01
349 3.4801000000e+00 3.2139117280e+01 2.6648350000e+01
350 3.4901000000e+00 3.1872633780e+01 1.0940264000e+02
351 3.5001000000e+00 3.0778607380e+01 5.6513930000e+01
352 3.5101000000e+00 3.0213468080e+01 4.2713280000e+01
353 3.5201000000e+00 2.9786335280e+01 6.5464410000e+01
354 3.5301000000e+00 2.9131691180e+01 4.2382400000e+01
355 3.5401000000e+00 2.8707867180e+01 6.1590030000e+01
356 3.5501000000e+00 2.8091966880e+01 -1.8220590000e+01
357 3.5601000000e+00 2.8274172780e+01 3.8599190000e+01
358 3.5701000000e+00 2.7888180880e+01 5.1811680000e+01
359 3.5801000000e+00 2.7370064080e+01 1.5200276000e+02
360 3.5901000000e+00 2.5850036480e+01 -3.8002180000e+01
361 3.6001000000e+00 2.6230058280e+01 2.3751990000e+01
362 3.6101000000e+00 2.5992538380e+01 4.5629380000e+01
363 3.6201000000e+00 2.5536244580e+01 8.8092040000e+01
364 3.6301000000e+00 2.4655324180e+01 1.3718110000e+01
365 3.6401000000e+00 2.4518143080e+01 1.8620210000e+01
366 3.6501000000e+00 2.4331940980e+01 2.3984900000e+01
367 3.6601000000e+00 2.4092091980e+01 6.0889730000e+01
368 3.6701000000e+00 2.3483194680e+01 6.7398050000e+01
369 3.6801000000e+00 2.2809214180e+01 1.3078700000e+01
370 3.6901000000e+00 2.2678427180e+01 4.1865800000e+00
371 3.7001000000e+00 2.2636561380e+01 6.1716920000e+01
372 3.7101000000e+00 2.2019392180e+01 5.1827000000e+00
373 3.7201000000e+00 2.1967565180e+01 4.3266060000e+01
374 3.7301000000e+00 2.1534904580e+01 1.6617200000e+01
375 3.7401000000e+00 2.1368732580e+01 1.2986810000e+01
376 3.7501000000e+00 2.1238864480e+01 2.9567740000e+01
377 3.7601000000e+00 2.0943187080e+01 7.7155690000e+01
378 3.7701000000e+00 2.0171630180e+01 1.4506900000e+01
379 3.7801000000e+00 2.0026561180e+01 2.1608940000e+01
380 3.7901000000e+00 1.9810471780e+01 2.7008000000e+01
381 3.8001000000e+00 1.9540391780e+01 1.7290370000e+01
382 3.8101000000e+00 1.9367488080e+01 5.4441440000e+01
383 3.8201000000e+00 1.8823073680e+01 1.0474260000e+01
384 3.8301000000e+00 1.8718331080e+01 2.8641340000e+01
385 3.8401000000e+00 1.8431917680e+01 -1.3199500000e+01
386 3.8501000000e+00 1.8563912680e+01 4.6520320000e+01
387 3.8601000000e+00 1.8098709480e+01 8.3858300000e+00
388 3.8701000000e+00 1.8014851180e+01 5.9179780000e+01
389 3.8801000000e+00 1.7423053380e+01 2.2686830000e+01
390 3.8901000000e+00 1.7196185080e+01 2.3030840000e+01
391 3.9001000000e+00 1.6965876680e+01 3.0025330000e+01
392 3.9101000000e+00 1.6665623380e+01 2.1479100000e+00
393 3.9201000000e+00 1.6644144280e+01 1.9130060000e+01
394 3.9301000000e+00 1.6452843680e+01 4.5147500000e+00
395 3.9401000000e+00 1.6407696180e+01 3.2246490000e+01
396 3.9501000000e+00 1.6085231280e+01 4.3354760000e+01
397 3.9601000000e+00 1.5651683680e+01 1.1815750000e+00
398 3.9701000000e+00 1.5639867930e+01 5.2312325000e+01
399 3.9801000000e+00 1.5116744680e+01 8.7277500000e+00
400 3.9901000000e+00 1.5029467180e+01 4.1087715000e+01
401 4.0001000000e+00 1.4618590030e+01 1.7890660000e+01
402 4.0101000000e+00 1.4439683430e+01 4.5940155000e+01
403 4.0201000000e+00 1.3980281880e+01 1.0371410000e+01
404 4.0301000000e+00 1.3876567780e+01 2.7415500000e+01
405 4.0401000000e+00 1.3602412780e+01 1.1578275000e+01
406 4.0501000000e+00 1.3486630030e+01 2.3082625000e+01
407 4.0601000000e+00 1.3255803780e+01 2.7369170000e+01
408 4.0701000000e+00 1.2982112080e+01 3.8524750000e+00
409 4.0801000000e+00 1.2943587330e+01 1.0878285000e+01
410 4.0901000000e+00 1.2834804480e+01 2.1975600000e+01
411 4.1001000000e+00 1.2615048480e+01 2.9220760000e+01
412 4.1101000000e+00 1.2322840880e+01 2.6040805000e+01
413 4.1201000000e+00 1.2062432830e+01 5.4070855000e+01
414 4.1301000000e+00 1.1521724280e+01 4.5059225000e+01
415 4.1401000000e+00 1.1071132030e+01 2.7263975000e+01
416 4.1501000000e+00 1.0798492280e+01 2.7560610000e+01
417 4.1601000000e+00 1.0522886180e+01 3.5666925000e+01
418 4.1701000000e+00 1.0166216930e+01 2.8763525000e+01
419 4.1801000000e+00 9.8785816800e+00 1.9602900000e+01
420 4.1901000000e+00 9.6825526800e+00 3.1458215000e+01
421 4.2001000000e+00 9.3679705300e+00 1.6122230000e+01
422 4.2101000000e+00 9.2067482300e+00 2.6543625000e+01
423 4.2201000000e+00 8.9413119800e+00 1.4829585000e+01
424 4.2301000000e+00 8.7930161300e+00 1.9574180000e+01
425 4.2401000000e+00 8.5972743300e+00 1.3831890000e+01
426 4.2501000000e+00 8.4589554300e+00 2.3261534000e+01
427 4.2601000000e+00 8.2263400900e+00 2.1350405000e+01
428 4.2701000000e+00 8.0128360400e+00 1.4525910000e+01
429 4.2801000000e+00 7.8675769400e+00 1.4970541000e+01
430 4.2901000000e+00 7.7178715300e+00 7.1967050000e+00
431 4.3001000000e+00 7.6459044800e+00 2.7937193000e+01
432 4.3101000000e+00 7.3665325500e+00 1.1566697000e+01
433 4.3201000000e+00 7.2508655800e+00 8.0030750000e+00
434 4.3301000000e+00 7.1708348300e+00 1.0744718000e+01
435 4.3401000000e+00 7.0633876500e+00 1.2167732000e+01
436 4.3501000000e+00 6.9417103300e+00 7.1880110000e+00
437 4.3601000000e+00 6.8698302200e+00 5.6135250000e+00
438 4.3701000000e+00 6.8136949700e+00 1.2213768000e+01
439 4.3801000000e+00 6.6915572900e+00 1.5815000000e-01
440 4.3901000000e+00 6.6899757900e+00 1.2164352000e+01
441 4.4001000000e+00 6.5683322700e+00 5.5321190000e+00
442 4.4101000000e+00 6.5130110800e+00 1.7561420000e+01
443 4.4201000000e+00 6.3373968800e+00 4.1939810000e+00
444 4.4301000000e+00 6.2954570700e+00 1.0435605000e+01
445 4.4401000000e+00 6.1911010200e+00 6.0883990000e+00
446 4.4501000000e+00 6.1302170300e+00 9.7413610000e+00
447 4.4601000000e+00 6.0328034200e+00 6.9260860000e+00
448 4.4701000000e+00 5.9635425600e+00 1.2548998000e+01
449 4.4801000000e+00 5.8380525800e+00 1.2634752000e+01
450 4.4901000000e+00 5.7117050600e+00 5.5533090000e+00
451 4.5001000000e+00 5.6561719700e+00 7.3978600000e+00
452 4.5101000000e+00 5.5821933700e+00 1.3791801000e+01
453 4.5201000000e+00 5.4442753600e+00 6.3030610000e+00
454 4.5301000000e+00 5.3812447500e+00 9.0102990000e+00
455 4.5401000000e+00 5.2911417600e+00 4.8986920000e+00
456 4.5501000000e+00 5.2421548400e+00 1.4755755000e+01
457 4.5601000000e+00 5.0945972900e+00 9.6259170000e+00
458 4.5701000000e+00 4.9983381200e+00 6.6513300000e-01
459 4.5801000000e+00 4.9916867900e+00 1.5792552000e+01
460 4.5901000000e+00 4.8337612700e+00 5.9103350000e+00
461 4.6001000000e+00 4.7746579200e+00 8.3688690000e+00
462 4.6101000000e+00 4.6909692300e+00 9.3032420000e+00
463 4.6201000000e+00 4.5979368100e+00 2.8092400000e+00
464 4.6301000000e+00 4.5698444100e+00 9.4349990000e+00
465 4.6401000000e+00 4.4754944200e+00 7.1371450000e+00
466 4.6501000000e+00 4.4041229700e+00 5.4846000000e-02
467 4.6601000000e+00 4.4035745100e+00 1.1364421000e+01
468 4.6701000000e+00 4.2899303000e+00 4.4788390000e+00
469 4.6801000000e+00 4.2451419100e+00 2.3527240000e+00
470 4.6901000000e+00 4.2216146700e+00 4.0598770000e+00
471 4.7001000000e+00 4.1810159000e+00 1.0598069000e+01
472 4.7101000000e+00 4.0750352100e+00 5.0074070000e+00
473 4.7201000000e+00 4.0249611400e+00 7.8391700000e-01
474 4.7301000000e+00 4.0171219700e+00 7.5906330000e+00
475 4.7401000000e+00 3.9412156400e+00 4.3593460000e+00
476 4.7501000000e+00 3.8976221800e+00 8.4004130000e+00
477 4.7601000000e+00 3.8136180500e+00 4.2297760000e+00
478 4.7701000000e+00 3.7713202900e+00 8.7378340000e+00
479 4.7801000000e+00 3.6839419500e+00 7.5538810000e+00
480 4.7901000000e+00 3.6084031400e+00 3.8190700000e-01
481 4.8001000000e+00 3.6045840700e+00 7.5554450000e+00
482 4.8101000000e+00 3.5290296200e+00 2.7862300000e+00
483 4.8201000000e+00 3.5011673200e+00 6.6036870000e+00
484 4.8301000000e+00 3.4351304500e+00 3.6305990000e+00
485 4.8401000000e+00 3.3988244600e+00 4.7269490000e+00
486 4.8501000000e+00 3.3515549700e+00 5.9075770000e+00
487 4.8601000000e+00 3.2924792000e+00 3.9031220000e+00
488 4.8701000000e+00 3.2534479800e+00 3.3095280000e+00
489 4.8801000000e+00 3.2203527000e+00 6.6237200000e+00
490 4.8901000000e+00 3.1541155000e+00 6.3191290000e+00
491 4.9001000000e+00 3.0909242100e+00 3.8685440000e+00
492 4.9101000000e+00 3.0522387700e+00 4.8728130000e+00
493 4.9201000000e+00 3.0035106400e+00 2.3827950000e+00
494 4.9301000000e+00 2.9796826900e+00 4.8147540000e+00
495 4.9401000000e+00 2.9315351500e+00 3.2806050000e+00
496 4.9501000000e+00 2.8987291000e+00 3.7131180000e+00
497 4.9601000000e+00 2.8615979200e+00 2.8889520000e+00
498 4.9701000000e+00 2.8327084000e+00 7.3126620000e+00
499 4.9801000000e+00 2.7595817800e+00 1.2369100000e-01
500 4.9901000000e+00 2.7583448700e+00 -0.0000000000e+00
501 5.0001000000e+00 2.7583448700e+00 3.1313600000e+00
502 5.0101000000e+00 2.7270312700e+00 5.3710790000e+00
503 5.0201000000e+00 2.6733204800e+00 2.6081500000e-01
504 5.0301000000e+00 2.6707123300e+00 4.8985390000e+00
505 5.0401000000e+00 2.6217269400e+00 4.1267960000e+00
506 5.0501000000e+00 2.5804589800e+00 4.5809960000e+00
507 5.0601000000e+00 2.5346490200e+00 1.3483880000e+00
508 5.0701000000e+00 2.5211651400e+00 3.9998690000e+00
509 5.0801000000e+00 2.4811664500e+00 4.1019170000e+00
510 5.0901000000e+00 2.4401472800e+00 2.5119650000e+00
511 5.1001000000e+00 2.4150276300e+00 3.6022970000e+00
512 5.1101000000e+00 2.3790046600e+00 3.5911100000e+00
513 5.1201000000e+00 2.3430935600e+00 1.7143170000e+00
514 5.1301000000e+00 2.3259503900e+00 4.1030310000e+00
515 5.1401000000e+00 2.2849200800e+00 3.3730860000e+00
516 5.1501000000e+00 2.2511892200e+00 2.3024540000e+00
517 5.1601000000e+00 2.2281646800e+00 4.1412740000e+00
518 5.1701000000e+00 2.1867519400e+00 3.0548330000e+00
519 5.1801000000e+00 2.1562036100e+00 4.0161180000e+00
520 5.1901000000e+00 2.1160424300e+00 2.5444660000e+00
521 5.2001000000e+00 2.0905977700e+00 3.0814300000e+00
522 5.2101000000e+00 2.0597834700e+00 3.5063610000e+00
523 5.2201000000e+00 2.0247198600e+00 2.4249480000e+00
524 5.2301000000e+00 2.0004703800e+00 2.3274410000e+00
525 5.2401000000e+00 1.9771959700e+00 3.2121580000e+00
526 5.2501000000e+00 1.9450743900e+00 3.7564560000e+00
527 5.2601000000e+00 1.9075098300e+00 3.1527780000e+00
528 5.2701000000e+00 1.8759820500e+00 3.3979110000e+00
529 5.2801000000e+00 1.8420029400e+00 2.6106640000e+00
530 5.2901000000e+00 1.8158963000e+00 3.6630970000e+00
531 5.3001000000e+00 1.7792653300e+00 2.6920510000e+00
532 5.3101000000e+00 1.7523448200e+00 2.5424710000e+00
533 5.3201000000e+00 1.7269201100e+00 3.9771320000e+00
534 5.3301000000e+00 1.6871487900e+00 2.0458440000e+00
535 5.3401000000e+00 1.6666903500e+00 3.7124120000e+00
536 5.3501000000e+00 1.6295662300e+00 3.9636460000e+00
537 5.3601000000e+00 1.5899297700e+00 2.3933530000e+00
538 5.3701000000e+00 1.5659962400e+00 3.2610280000e+00
539 5.3801000000e+00 1.5333859600e+00 2.9325410000e+00
540 5.3901000000e+00 1.5040605500e+00 3.5291300000e+00
541 5.4001000000e+00 1.4687692500e+00 2.1450600000e+00
542 5.4101000000e+00 1.4473186500e+00 2.7125940000e+00
543 5.4201000000e+00 1.4201927100e+00 2.8558190000e+00
544 5.4301000000e+00 1.3916345200e+00 2.9376160000e+00
545 5.4401000000e+00 1.3622583600e+00 2.3506010000e+00
546 5.4501000000e+00 1.3387523500e+00 3.5980680000e+00
547 5.4601000000e+00 1.3027716700e+00 1.8448870000e+00
548 5.4701000000e+00 1.2843228000e+00 3.1357240000e+00
549 5.4801000000e+00 1.2529655600e+00 2.4629570000e+00
550 5.4901000000e+00 1.2283359900e+00 3.0761010000e+00
551 5.5001000000e+00 1.1975749800e+00 2.3525810000e+00
552 5.5101000000e+00 1.1740491700e+00 2.3698290000e+00
553 5.5201000000e+00 1.1503508800e+00 2.9732210000e+00
554 5.5301000000e+00 1.1206186700e+00 3.0416090000e+00
555 5.5401000000e+00 1.0902025800e+00 2.6915504000e+00
556 5.5501000000e+00 1.0632870760e+00 2.7396014000e+00
557 5.5601000000e+00 1.0358910620e+00 2.2176766000e+00
558 5.5701000000e+00 1.0137142960e+00 1.7393045000e+00
559 5.5801000000e+00 9.9632125100e-01 3.9879638000e+00
560 5.5901000000e+00 9.5644161300e-01 7.3623480000e-01
561 5.6001000000e+00 9.4907926500e-01 2.8963015000e+00
562 5.6101000000e+00 9.2011625000e-01 2.7065734000e+00
563 5.6201000000e+00 8.9305051600e-01 2.2524894000e+00
564 5.6301000000e+00 8.7052562200e-01 2.3853495000e+00
565 5.6401000000e+00 8.4667212700e-01 3.6743318000e+00
566 5.6501000000e+00 8.0992880900e-01 9.2388250000e-01
567 5.6601000000e+00 8.0068998400e-01 2.7831192000e+00
568 5.6701000000e+00 7.7285879200e-01 3.0932781000e+00
569 5.6801000000e+00 7.4192601100e-01 2.7213451000e+00
570 5.6901000000e+00 7.1471256000e-01 2.0234588000e+00
571 5.7001000000e+00 6.9447797200e-01 1.8095358000e+00
572 5.7101000000e+00 6.7638261400e-01 2.4795915000e+00
573 5.7201000000e+00 6.5158669900e-01 1.9960315000e+00
574 5.7301000000e+00 6.3162638400e-01 2.7065429000e+00
575 5.7401000000e+00 6.0456095500e-01 2.3954802000e+00
576 5.7501000000e+00 5.8060615300e-01 2.4708399000e+00
577 5.7601000000e+00 5.5589775400e-01 2.0986224000e+00
578 5.7701000000e+00 5.3491153000e-01 2.3800567000e+00
579 5.7801000000e+00 5.1111096300e-01 2.3208213000e+00
580 5.7901000000e+00 4.8790275000e-01 1.3509184000e+00
581 5.8001000000e+00 4.7439356600e-01 2.4251005000e+00
582 5.8101000000e+00 4.5014256100e-01 2.8055951000e+00
583 5.8201000000e+00 4.2208661000e-01 1.1323781000e+00
584 5.8301000000e+00 4.1076282900e-01 2.9666506000e+00
585 5.8401000000e+00 3.8109632300e-01 1.9452335000e+00
586 5.8501000000e+00 3.6164398800e-01 1.8337143000e+00
587 5.8601000000e+00 3.4330684500e-01 2.1777956000e+00
588 5.8701000000e+00 3.2152888900e-01 2.3766527000e+00
589 5.8801000000e+00 2.9776236200e-01 1.6924600000e+00
590 5.8901000000e+00 2.8083776200e-01 2.0238960000e+00
591 5.9001000000e+00 2.6059880200e-01 2.6363993000e+00
592 5.9101000000e+00 2.3423480900e-01 2.1574251000e+00
593 5.9201000000e+00 2.1266055800e-01 2.0359046600e+00
594 5.9301000000e+00 1.9230151140e-01 1.4951463900e+00
595 5.9401000000e+00 1.7735004750e-01 2.0515917000e+00
596 5.9501000000e+00 1.5683413050e-01 1.6473382900e+00
597 5.9601000000e+00 1.4036074760e-01 2.1593007300e+00
598 5.9701000000e+00 1.1876774030e-01 2.2503472800e+00
599 5.9801000000e+00 9.6264267500e-02 2.3738159500e+00
600 5.9901000000e+00 7.2526108000e-02 2.1294949700e+00
601 6.0001000000e+00 5.1231158300e-02 1.6302501400e+00
602 6.0101000000e+00 3.4928656900e-02 2.0679324100e+00
603 6.0201000000e+00 1.4249332800e-02 2.0578457770e+00
604 6.0301000000e+00 -6.3291249700e-03 1.8679885580e+00
605 6.0401000000e+00 -2.5009010550e-02 1.2959824620e+00
606 6.0501000000e+00 -3.7968835170e-02 2.4351670230e+00
607 6.0601000000e+00 -6.2320505400e-02 2.1734363700e+00
608 6.0701000000e+00 -8.4054869100e-02 1.4180445100e+00
609 6.0801000000e+00 -9.8235314200e-02 1.9447875500e+00
610 6.0901000000e+00 -1.1768318970e-01 1.5965591300e+00
611 6.1001000000e+00 -1.3364878100e-01 1.9653936600e+00
612 6.1101000000e+00 -1.5330271760e-01 1.9848906400e+00
613 6.1201000000e+00 -1.7315162400e-01 2.4400574000e+00
614 6.1301000000e+00 -1.9755219800e-01 4.1294490000e-01
615 6.1401000000e+00 -2.0168164700e-01 2.2471025000e+00
616 6.1501000000e+00 -2.2415267200e-01 2.0665664000e+00
617 6.1601000000e+00 -2.4481833600e-01 1.6082678000e+00
618 6.1701000000e+00 -2.6090101400e-01 1.9531806000e+00
619 6.1801000000e+00 -2.8043282000e-01 1.5789101000e+00
620 6.1901000000e+00 -2.9622192100e-01 2.1024010000e+00
621 6.2001000000e+00 -3.1724593100e-01 1.2249556000e+00
622 6.2101000000e+00 -3.2949548700e-01 1.0474370000e+00
623 6.2201000000e+00 -3.3996985700e-01 2.0285435000e+00
624 6.2301000000e+00 -3.6025529200e-01 1.5777776000e+00
625 6.2401000000e+00 -3.7603306800e-01 2.0223774000e+00
626 6.2501000000e+00 -3.9625684200e-01 1.0242792000e+00
627 6.2601000000e+00 -4.0649963400e-01 1.5426881000e+00
628 6.2701000000e+00 -4.2192651500e-01 1.8777600000e+00
629 6.2801000000e+00 -4.4070411500e-01 1.4186647000e+00
630 6.2901000000e+00 -4.5489076200e-01 1.3879135000e+00
631 6.3001000000e+00 -4.6876989700e-01 1.7855272000e+00
632 6.3101000000e+00 -4.8662516900e-01 8.3696450000e-01
633 6.3201000000e+00 -4.9499481400e-01 1.7979466000e+00
634 6.3301000000e+00 -5.1297428000e-01 1.9072771000e+00
635 6.3401000000e+00 -5.3204705100e-01 1.1154443000e+00
636 6.3501000000e+00 -5.4320149400e-01 7.2844550000e-01
637 6.3601000000e+00 -5.5048594900e-01 2.7745295000e+00
638 6.3701000000e+00 -5.7823124400e-01 6.1195830000e-01
639 6.3801000000e+00 -5.8435082700e-01 1.6343856000e+00
640 6.3901000000e+00 -6.0069468300e-01 1.6447571000e+00
641 6.4001000000e+00 -6.1714225400e-01 2.1292492000e+00
642 6.4101000000e+00 -6.3843474600e-01 -2.5005850000e-01
643 6.4201000000e+00 -6.3593416100e-01 1.9562946000e+00
644 6.4301000000e+00 -6.5549710700e-01 1.8767336000e+00
645 6.4401000000e+00 -6.7426444300e-01 5.4834870000e-01
646 6.4501000000e+00 -6.7974793000e-01 1.4072862000e+00
647 6.4601000000e+00 -6.9382079200e-01 1.4395855000e+00
648 6.4701000000e+00 -7.0821664700e-01 8.9567270000e-01
649 6.4801000000e+00 -7.1717337400e-01 8.6150260000e-01
650 6.4901000000e+00 -7.2578840000e-01 1.4917165000e+00
651 6.5001000000e+00 -7.4070556500e-01 1.6476266000e+00
652 6.5101000000e+00 -7.5718183100e-01 1.7291183000e+00
653 6.5201000000e+00 -7.7447301400e-01 1.0669918000e+00
654 6.5301000000e+00 -7.8514293200e-01 1.3552199000e+00
655 6.5401000000e+00 -7.9869513100e-01 1.1930538000e+00
656 6.5501000000e+00 -8.1062566900e-01 3.4963740000e-01
657 6.5601000000e+00 -8.1412204300e-01 1.8616124000e+00
658 6.5701000000e+00 -8.3273816700e-01 1.1503644000e+00
659 6.5801000000e+00 -8.4424181100e-01 1.3318454000e+00
660 6.5901000000e+00 -8.5756026500e-01 1.0316686000e+00
661 6.6001000000e+00 -8.6787695100e-01 1.3661175000e+00
662 6.6101000000e+00 -8.8153812600e-01 1.0767719000e+00
663 6.6201000000e+00 -8.9230584500e-01 4.8977060000e-01
664 6.6301000000e+00 -8.9720355100e-01 1.3215681000e+00
665 6.6401000000e+00 -9.1041923200e-01 7.2365450000e-01
666 6.6501000000e+00 -9.1765577700e-01 1.7128631000e+00
667 6.6601000000e+00 -9.3478440800e-01 8.3544480000e-01
668 6.6701000000e+00 -9.4313885600e-01 1.1727194000e+00
669 6.6801000000e+00 -9.5486605000e-01 1.1460416000e+00
670 6.6901000000e+00 -9.6632646600e-01 5.0986280000e-01
671 6.7001000000e+00 -9.7142509400e-01 1.0610146000e+00
672 6.7101000000e+00 -9.8203524000e-01 1.0120870000e+00
673 6.7201000000e+00 -9.9215611000e-01 2.5010455000e+00
674 6.7301000000e+00 -1.0171665650e+00 3.9506670000e-01
675 6.7401000000e+00 -1.0211172320e+00 5.9253600000e-02
676 6.7501000000e+00 -1.0217097680e+00 1.3556982000e+00
677 6.7601000000e+00 -1.0352667500e+00 4.5840300000e-01
678 6.7701000000e+00 -1.0398507800e+00 1.5160445000e+00
679 6.7801000000e+00 -1.0550112250e+00 5.4722550000e-01
680 6.7901000000e+00 -1.0604834800e+00 8.8721600000e-01
681 6.8001000000e+00 -1.0693556400e+00 9.4658300000e-01
682 6.8101000000e+00 -1.0788214700e+00 6.8248400000e-01
683 6.8201000000e+00 -1.0856463100e+00 6.2765000000e-01
684 6.8301000000e+00 -1.0919228100e+00 9.4086300000e-01
685 6.8401000000e+00 -1.1013314400e+00 8.7508300000e-01
686 6.8501000000e+00 -1.1100822700e+00 1.4096880000e+00
687 6.8601000000e+00 -1.1241791500e+00 7.0435400000e-01
688 6.8701000000e+00 -1.1312226900e+00 2.2847400000e-01
689 6.8801000000e+00 -1.1335074300e+00 1.0215700000e+00
690 6.8901000000e+00 -1.1437231300e+00 8.7510500000e-01
691 6.9001000000e+00 -1.1524741800e+00 7.2868500000e-01
692 6.9101000000e+00 -1.1597610300e+00 1.4580970000e+00
693 6.9201000000e+00 -1.1743420000e+00 8.5845200000e-01
694 6.9301000000e+00 -1.1829265200e+00 -1.2549900000e-01
695 6.9401000000e+00 -1.1816715300e+00 1.0719400000e+00
696 6.9501000000e+00 -1.1923909300e+00 1.4049800000e-01
697 6.9601000000e+00 -1.1937959100e+00 5.3320500000e-01
698 6.9701000000e+00 -1.1991279600e+00 9.8345600000e-01
699 6.9801000000e+00 -1.2089625200e+00 7.7664900000e-01
700 6.9901000000e+00 -1.2167290100e+00 6.8780900000e-01
701 7.0001000000e+00 -1.2236071000e+00 2.0720100000e-01
702 7.0101000000e+00 -1.2256791100e+00 1.0060960000e+00
703 7.0201000000e+00 -1.2357400700e+00 1.8917300000e-01
704 7.0301000000e+00 -1.2376318000e+00 4.6477300000e-01
705 7.0401000000e+00 -1.2422795300e+00 7.0731300000e-01
706 7.0501000000e+00 -1.2493526600e+00 1.1414150000e+00
707 7.0601000000e+00 -1.2607668100e+00 7.2642100000e-01
708 7.0701000000e+00 -1.2680310200e+00 -1.1340200000e-01
709 7.0801000000e+00 -1.2668970000e+00 5.4180700000e-01
710 7.0901000000e+00 -1.2723150700e+00 1.3903910000e+00
711 7.1001000000e+00 -1.2862189800e+00 2.5692500000e-01
712 7.1101000000e+00 -1.2887882300e+00 5.2237900000e-01
713 7.1201000000e+00 -1.2940120200e+00 -3.0294200000e-01
714 7.1301000000e+00 -1.2909826000e+00 6.1189400000e-01
715 7.1401000000e+00 -1.2971015400e+00 3.3481800000e-01
716 7.1501000000e+00 -1.3004497200e+00 4.8510000000e-01
717 7.1601000000e+00 -1.3053007200e+00 1.2840000000e-03
718 7.1701000000e+00 -1.3053135600e+00 1.0813730000e+00
719 7.1801000000e+00 -1.3161272900e+00 1.6230000000e-01
720 7.1901000000e+00 -1.3177502900e+00 1.2242410000e+00
721 7.2001000000e+00 -1.3299927000e+00 -5.4677600000e-01
722 7.2101000000e+00 -1.3245249400e+00 2.0014100000e-01
723 7.2201000000e+00 -1.3265263500e+00 4.5049800000e-01
724 7.2301000000e+00 -1.3310313300e+00 9.2520500000e-01
725 7.2401000000e+00 -1.3402833800e+00 8.8106100000e-01
726 7.2501000000e+00 -1.3490939900e+00 -6.0936500000e-01
727 7.2601000000e+00 -1.3430003400e+00 4.2182000000e-02
728 7.2701000000e+00 -1.3434221600e+00 7.3025000000e-01
729 7.2801000000e+00 -1.3507246600e+00 -3.8230000001e-03
730 7.2901000000e+00 -1.3506864300e+00 -1.0037000000e-02
731 7.3001000000e+00 -1.3505860600e+00 -3.0285100000e-01
732 7.3101000000e+00 -1.3475575500e+00 1.3172690000e+00
733 7.3201000000e+00 -1.3607302400e+00 -4.7768900000e-01
734 7.3301000000e+00 -1.3559533500e+00 1.1411770000e+00
735 7.3401000000e+00 -1.3673651200e+00 -3.9040000000e-03
736 7.3501000000e+00 -1.3673260800e+00 2.0072000000e-01
737 7.3601000000e+00 -1.3693332800e+00 4.0990900000e-01
738 7.3701000000e+00 -1.3734323700e+00 -2.4914500000e-01
739 7.3801000000e+00 -1.3709409200e+00 -2.5362500000e-01
740 7.3901000000e+00 -1.3684046700e+00 -2.7494400000e-01
741 7.4001000000e+00 -1.3656552300e+00 1.0244960000e+00
742 7.4101000000e+00 -1.3759001900e+00 3.9023700000e-01
743 7.4201000000e+00 -1.3798025600e+00 -1.1845600000e-01
744 7.4301000000e+00 -1.3786180000e+00 -3.0617700000e-01
745 7.4401000000e+00 -1.3755562300e+00 1.9249800000e-01
746 7.4501000000e+00 -1.3774812100e+00 5.9618700000e-01
747 7.4601000000e+00 -1.3834430800e+00 -3.8331600000e-01
748 7.4701000000e+00 -1.3796099200e+00 1.9152400000e-01
749 7.4801000000e+00 -1.3815251600e+00 -2.9179800000e-01
750 7.4901000000e+00 -1.3786071800e+00 -4.0646900000e-01
751 7.5001000000e+00 -1.3745424900e+00 2.0953300000e-01
752 7.5101000000e+00 -1.3766378200e+00 1.4256000000e-01
753 7.5201000000e+00 -1.3780634200e+00 2.4255700000e-01
754 7.5301000000e+00 -1.3804889900e+00 6.2160700000e-01
755 7.5401000000e+00 -1.3867050600e+00 -8.7615600000e-01
756 7.5501000000e+00 -1.3779435000e+00 -8.3934000000e-02
757 7.5601000000e+00 -1.3771041600e+00 1.8161200000e-01
758 7.5701000000e+00 -1.3789202800e+00 -4.1257000000e-02
759 7.5801000000e+00 -1.3785077100e+00 -3.6981000000e-02
760 7.5901000000e+00 -1.3781379000e+00 -1.0942890000e+00
761 7.6001000000e+00 -1.3671950100e+00 6.0590000000e-01
762 7.6101000000e+00 -1.3732540100e+00 3.5720500000e-01
763 7.6201000000e+00 -1.3768260600e+00 -9.0617900000e-01
764 7.6301000000e+00 -1.3677642700e+00 -2.0680900000e-01
765 7.6401000000e+00 -1.3656961800e+00 2.0480600000e-01
766 7.6501000000e+00 -1.3677442400e+00 -8.9346000000e-01
767 7.6601000000e+00 -1.3588096400e+00 5.3732000000e-01
768 7.6701000000e+00 -1.3641828400e+00 -3.4534800000e-01
769 7.6801000000e+00 -1.3607293600e+00 -3.4670600000e-01
770 7.6901000000e+00 -1.3572623000e+00 -2.4717300000e-01
771 7.7001000000e+00 -1.3547905700e+00 2.1883800000e-01
772 7.7101000000e+00 -1.3569789500e+00 -2.9691500000e-01
773 7.7201000000e+00 -1.3540098000e+00 8.9624000000e-02
774 7.7301000000e+00 -1.3549060400e+00 -8.8723700000e-01
775 7.7401000000e+00 -1.3460336700e+00 -3.7291800000e-01
776 7.7501000000e+00 -1.3423044900e+00 -1.2556300000e-01
777 7.7601000000e+00 -1.3410488600e+00 -2.0559400000e-01
778 7.7701000000e+00 -1.3389929200e+00 -1.3436750000e+00
779 7.7801000000e+00 -1.3255561700e+00 -3.6393400000e-01
780 7.7901000000e+00 -1.3219168300e+00 2.0182900000e-01
781 7.8001000000e+00 -1.3239351200e+00 -9.0717500000e-01
782 7.8101000000e+00 -1.3148633700e+00 6.9914100000e-01
783 7.8201000000e+00 -1.3218547800e+00 -1.1596510000e+00
784 7.8301000000e+00 -1.3102582700e+00 -3.6606800000e-01
785 7.8401000000e+00 -1.3065975900e+00 -7.2409400000e-01
786 7.8501000000e+00 -1.2993566500e+00 2.2096000000e-01
787 7.8601000000e+00 -1.3015662500e+00 -3.8621800000e-01
788 7.8701000000e+00 -1.2977040700e+00 -9.0884400000e-01
789 7.8801000000e+00 -1.2886156300e+00 -1.1429900000e-01
790 7.8901000000e+00 -1.2874726400e+00 -2.5369100000e-01
791 7.9001000000e+00 -1.2849357300e+00 -1.3215660000e+00
792 7.9101000000e+00 -1.2717200700e+00 4.6079300000e-01
793 7.9201000000e+00 -1.2763280000e+00 -1.1833400000e+00
794 7.9301000000e+00 -1.2644946000e+00 2.2579000000e-02
795 7.9401000000e+00 -1.2647203900e+00 -1.3035990000e+00
796 7.9501000000e+00 -1.2516844000e+00 1.0914400000e-01
797 7.9601000000e+00 -1.2527758400e+00 -6.6412800000e-01
798 7.9701000000e+00 -1.2461345600e+00 1.9193300000e-01
799 7.9801000000e+00 -1.2480538900e+00 -8.3186000000e-01
800 7.9901000000e+00 -1.2397352900e+00 -2.5648300000e-01
801 8.0001000000e+00 -1.2371704600e+00 -1.1674560000e+00
802 8.0101000000e+00 -1.2254959000e+00 -6.1905600000e-01
803 8.0201000000e+00 -1.2193053400e+00 6.4539000000e-02
804 8.0301000000e+00 -1.2199507300e+00 -1.0992740000e+00
805 8.0401000000e+00 -1.2089579900e+00 1.4341900000e-01
806 8.0501000000e+00 -1.2103921800e+00 -4.3002600000e-01
807 8.0601000000e+00 -1.2060919200e+00 -8.9026900000e-01
808 8.0701000000e+00 -1.1971892300e+00 -3.2350600000e-01
809 8.0801000000e+00 -1.1939541700e+00 1.0910800000e-01
810 8.0901000000e+00 -1.1950452500e+00 -1.0412530000e+00
811 8.1001000000e+00 -1.1846327200e+00 -1.2817090000e+00
812 8.1101000000e+00 -1.1718156300e+00 -8.0674800000e-01
813 8.1201000000e+00 -1.1637481500e+00 -6.4092000000e-02
814 8.1301000000e+00 -1.1631072300e+00 -8.5822500000e-01
815 8.1401000000e+00 -1.1545249800e+00 8.6655000000e-02
816 8.1501000000e+00 -1.1553915300e+00 -3.9780300000e-01
817 8.1601000000e+00 -1.1514135000e+00 -7.3388200000e-01
818 8.1701000000e+00 -1.1440746800e+00 -4.0112700000e-01
819 8.1801000000e+00 -1.1400634100e+00 -1.2415300000e+00
820 8.1901000000e+00 -1.1276481100e+00 4.1711000000e-02
821 8.2001000000e+00 -1.1280652200e+00 -5.2497800000e-01
822 8.2101000000e+00 -1.1228154400e+00 -5.7544300000e-01
823 8.2201000000e+00 -1.1170610100e+00 1.4929600000e-01
824 8.2301000000e+00 -1.1185539700e+00 -1.5448920000e+00
825 8.2401000000e+00 -1.1031050500e+00 -2.4310000000e-03
826 8.2501000000e+00 -1.1030807400e+00 -1.2992510000e+00
827 8.2601000000e+00 -1.0900882300e+00 -3.3700000000e-03
828 8.2701000000e+00 -1.0900545300e+00 -2.4767650000e-01
829 8.2801000000e+00 -1.0875777650e+00 -6.2926850000e-01
830 8.2901000000e+00 -1.0812850800e+00 -5.9339950000e-01
831 8.3001000000e+00 -1.0753510850e+00 -2.3249900000e-01
832 8.3101000000e+00 -1.0730260950e+00 -1.1762720000e+00
833 8.3201000000e+00 -1.0612633750e+00 -7.9800500000e-01
834 8.3301000000e+00 -1.0532833250e+00 2.8741650000e-01
835 8.3401000000e+00 -1.0561574900e+00 -5.6842500000e-01
836 8.3501000000e+00 -1.0504732400e+00 -2.4220270000e-01
837 8.3601000000e+00 -1.0480512130e+00 -5.8937540000e-01
838 8.3701000000e+00 -1.0421574590e+00 -3.6623850000e-01
839 8.3801000000e+00 -1.0384950740e+00 -4.2360170000e-01
840 8.3901000000e+00 -1.0342590570e+00 -7.9108010000e-01
841 8.4001000000e+00 -1.0263482560e+00 1.9037640000e-01
842 8.4101000000e+00 -1.0282520200e+00 -1.5317270000e+00
843 8.4201000000e+00 -1.0129347500e+00 4.6427340000e-01
844 8.4301000000e+00 -1.0175774840e+00 -1.3262460000e-01
845 8.4401000000e+00 -1.0162512380e+00 -6.4793990000e-01
846 8.4501000000e+00 -1.0097718390e+00 -5.2044780000e-01
847 8.4601000000e+00 -1.0045673610e+00 9.1277400000e-02
848 8.4701000000e+00 -1.0054801350e+00 -7.1071320000e-01
849 8.4801000000e+00 -9.9837300300e-01 -2.5887730000e-01
850 8.4901000000e+00 -9.9578423000e-01 -2.7507140000e-01
851 8.5001000000e+00 -9.9303351600e-01 -2.5326840000e-01
852 8.5101000000e+00 -9.9050083200e-01 -3.5024030000e-01
853 8.5201000000e+00 -9.8699842900e-01 -3.4098740000e-01
854 8.5301000000e+00 -9.8358855500e-01 -5.8551100000e-01
855 8.5401000000e+00 -9.7773344500e-01 -8.5520400000e-02
856 8.5501000000e+00 -9.7687824100e-01 -7.0033650000e-01
857 8.5601000000e+00 -9.6987487600e-01 -3.3982850000e-01
858 8.5701000000e+00 -9.6647659100e-01 -7.8669880000e-01
859 8.5801000000e+00 -9.5860960300e-01 5.5553330000e-01
860 8.5901000000e+00 -9.6416493600e-01 -2.8456970000e-01
861 8.6001000000e+00 -9.6131923900e-01 4.9398400000e-02
862 8.6101000000e+00 -9.6181322300e-01 -8.4391010000e-01
863 8.6201000000e+00 -9.5337412200e-01 1.9646960000e-01
864 8.6301000000e+00 -9.5533881800e-01 -6.6098450000e-01
865 8.6401000000e+00 -9.4872897300e-01 -3.5360630000e-01
866 8.6501000000e+00 -9.4519291000e-01 -4.7092520000e-01
867 8.6601000000e+00 -9.4048365800e-01 -2.6256770000e-01
868 8.6701000000e+00 -9.3785798100e-01 -1.8556170000e-01
869 8.6801000000e+00 -9.3600236400e-01 -4.4978430000e-01
870 8.6901000000e+00 -9.3150452100e-01 -1.2843580000e-01
871 8.7001000000e+00 -9.3022016300e-01 1.5501800000e-01
872 8.7101000000e+00 -9.3177034300e-01 -1.8275730000e-01
873 8.7201000000e+00 -9.2994277000e-01 -2.7755460000e-01
874 8.7301000000e+00 -9.2716722400e-01 -2.4887320000e-01
875 8.7401000000e+00 -9.2467849200e-01 -6.1312380000e-01
876 8.7501000000e+00 -9.1854725400e-01 7.0160910000e-01
877 8.7601000000e+00 -9.2556334500e-01 -3.4559980000e-01
878 8.7701000000e+00 -9.2210734700e-01 -1.0466775000e+00
879 8.7801000000e+00 -9.1164057200e-01 1.2832100000e-01
880 8.7901000000e+00 -9.1292378200e-01 -4.0343600000e-02
881 8.8001000000e+00 -9.1252034600e-01 1.2543110000e-01
882 8.8101000000e+00 -9.1377465700e-01 -2.0052360000e-01
883 8.8201000000e+00 -9.1176942100e-01 -4.7177280000e-01
884 8.8301000000e+00 -9.0705169300e-01 2.0172110000e-01
885 8.8401000000e+00 -9.0906890400e-01 -1.6417300000e-01
886 8.8501000000e+00 -9.0742717400e-01 -2.6263020000e-01
887 8.8601000000e+00 -9.0480087200e-01 -2.3403170000e-01
888 8.8701000000e+00 -9.0246055500e-01 -2.1662090000e-01
889 8.8801000000e+00 -9.0029434600e-01 6.0339400000e-02
890 8.8901000000e+00 -9.0089774000e-01 -5.0549300000e-01
891 8.9001000000e+00 -8.9584281000e-01 -3.6962610000e-01
892 8.9101000000e+00 -8.9214654900e-01 2.7912640000e-01
893 8.9201000000e+00 -8.9493781300e-01 -4.3123180000e-01
894 8.9301000000e+00 -8.9062549500e-01 5.7875690000e-01
895 8.9401000000e+00 -8.9641306400e-01 4.1846100000e-02
896 8.9501000000e+00 -8.9683152500e-01 -1.0373575000e+00
897 8.9601000000e+00 -8.8645795000e-01 7.9096930000e-01
898 8.9701000000e+00 -8.9436764300e-01 -9.6282670000e-01
899 8.9801000000e+00 -8.8473937600e-01 6.3664980000e-01
900 8.9901000000e+00 -8.9110587400e-01 -5.6306370000e-01
901 9.0001000000e+00 -8.8547523700e-01 4.0862200000e-02
902 9.0101000000e+00 -8.8588385900e-01 -1.9396400000e-01
903 9.0201000000e+00 -8.8394421900e-01 -4.6113020000e-01
904 9.0301000000e+00 -8.7933291700e-01 1.3014040000e-01
905 9.0401000000e+00 -8.8063432100e-01 -9.2683200000e-02
906 9.0501000000e+00 -8.7970748900e-01 3.0953380000e-01
907 9.0601000000e+00 -8.8280282700e-01 -5.2881740000e-01
908 9.0701000000e+00 -8.7751465300e-01 -9.3335600000e-02
909 9.0801000000e+00 -8.7658129700e-01 -1.1737310000e-01
910 9.0901000000e+00 -8.7540756600e-01 2.2073890000e-01
911 9.1001000000e+00 -8.7761495500e-01 -2.1139780000e-01
912 9.1101000000e+00 -8.7550097700e-01 -7.3878140000e-01
913 9.1201000000e+00 -8.6811316300e-01 5.1790830000e-01
914 9.1301000000e+00 -8.7329224600e-01 -1.5339730000e-01
915 9.1401000000e+00 -8.7175827300e-01 4.7838500000e-02
916 9.1501000000e+00 -8.7223665800e-01 8.7499400000e-02
917 9.1601000000e+00 -8.7311165200e-01 -9.0402440000e-01
918 9.1701000000e+00 -8.6407140800e-01 7.0646060000e-01
919 9.1801000000e+00 -8.7113601400e-01 4.3742520000e-01
920 9.1901000000e+00 -8.7551026600e-01 -1.4069683000e+00
921 9.2001000000e+00 -8.6144058300e-01 4.8195480000e-01
922 9.2101000000e+00 -8.6626013100e-01 -1.5603930000e-01
923 9.2201000000e+00 -8.6469973800e-01 -2.4535810000e-01
924 9.2301000000e+00 -8.6224615700e-01 5.9292000000e-03
925 9.2401000000e+00 -8.6230544900e-01 -1.3774230000e-01
926 9.2501000000e+00 -8.6092802600e-01 -8.8003840000e-01
927 9.2601000000e+00 -8.5212764200e-01 9.9087500000e-02
928 9.2701000000e+00 -8.5311851700e-01 1.7695200000e-01
929 9.2801000000e+00 -8.5488803700e-01 4.4557400000e-01
930 9.2901000000e+00 -8.5934377700e-01 -1.6386670000e-01
931 9.3001000000e+00 -8.5770511000e-01 -1.1757860000e-01
932 9.3101000000e+00 -8.5652932400e-01 -4.7650200000e-01
933 9.3201000000e+00 -8.5176430400e-01 2.4814760000e-01
934 9.3301000000e+00 -8.5424578000e-01 -4.4186130000e-01
935 9.3401000000e+00 -8.4982716700e-01 -1.7534330000e-01
936 9.3501000000e+00 -8.4807373400e-01 -9.7598740000e-01
937 9.3601000000e+00 -8.3831386000e-01 7.2890950000e-01
938 9.3701000000e+00 -8.4560295500e-01 -3.8079930000e-01
939 9.3801000000e+00 -8.4179496200e-01 2.7987700000e-01
940 9.3901000000e+00 -8.4459373200e-01 -5.6302420000e-01
941 9.4001000000e+00 -8.3896349000e-01 2.3109600000e-02
942 9.4101000000e+00 -8.3919458600e-01 -2.3313260000e-01
943 9.4201000000e+00 -8.3686326000e-01 3.5568600000e-02
944 9.4301000000e+00 -8.3721894600e-01 -1.5778300000e-01
945 9.4401000000e+00 -8.3564111600e-01 -2.3006350000e-01
946 9.4501000000e+00 -8.3334048100e-01 -9.6904000000e-02
947 9.4601000000e+00 -8.3237144100e-01 -4.6745230000e-01
948 9.4701000000e+00 -8.2769691800e-01 -1.1669920000e-01
949 9.4801000000e+00 -8.2652992600e-01 -4.7866910000e-01
950 9.4901000000e+00 -8.2174323500e-01 2.3667240000e-01
951 9.5001000000e+00 -8.2410995900e-01 -1.5132000000e-01
952 9.5101000000e+00 -8.2259675900e-01 -1.2369790000e-01
953 9.5201000000e+00 -8.2135978000e-01 -9.9433100000e-02
954 9.5301000000e+00 -8.2036544900e-01 2.4098800000e-01
955 9.5401000000e+00 -8.2277532900e-01 -7.7256810000e-01
956 9.5501000000e+00 -8.1504964800e-01 -2.7755000000e-01
957 9.5601000000e+00 -8.1227414800e-01 1.3641420000e-01
958 9.5701000000e+00 -8.1363829000e-01 -1.5437750000e-01
959 9.5801000000e+00 -8.1209451500e-01 -4.0992300000e-01
960 9.5901000000e+00 -8.0799528500e-01 -7.4882570000e-01
961 9.6001000000e+00 -8.0050702800e-01 1.3586770000e-01
962 9.6101000000e+00 -8.0186570500e-01 -3.7048330000e-01
963 9.6201000000e+00 -7.9816087200e-01 2.5054690000e-01
964 9.6301000000e+00 -8.0066634100e-01 -2.8431980000e-01
965 9.6401000000e+00 -7.9782314300e-01 -6.7670980000e-01
966 9.6501000000e+00 -7.9105604500e-01 1.6672450000e-01
967 9.6601000000e+00 -7.9272329000e-01 -4.0753620000e-01
968 9.6701000000e+00 -7.8864792800e-01 -7.2364700000e-02
969 9.6801000000e+00 -7.8792428100e-01 -3.4562840000e-01
970 9.6901000000e+00 -7.8446799700e-01 -5.2196320000e-01
971 9.7001000000e+00 -7.7924836500e-01 9.1925500000e-02
972 9.7101000000e+00 -7.8016762000e-01 3.4445200000e-02
973 9.7201000000e+00 -7.8051207200e-01 -6.1946140000e-01
974 9.7301000000e+00 -7.7431745800e-01 -1.1576290000e-01
975 9.7401000000e+00 -7.7315982900e-01 -1.5223353000e+00
976 9.7501000000e+00 -7.5793647600e-01 8.5955890000e-01
977 9.7601000000e+00 -7.6653206500e-01 -3.0779260000e-01
978 9.7701000000e+00 -7.6345413900e-01 -5.7781220000e-01
979 9.7801000000e+00 -7.5767601700e-01 8.9395400000e-02
980 9.7901000000e+00 -7.5856997100e-01 2.4112660000e-01
981 9.8001000000e+00 -7.6098123700e-01 -7.4582670000e-01
982 9.8101000000e+00 -7.5352297000e-01 2.8053640000e-01
983 9.8201000000e+00 -7.5632833400e-01 -6.9578370000e-01
984 9.8301000000e+00 -7.4937049700e-01 8.4203800000e-02
985 9.8401000000e+00 -7.5021253500e-01 -1.0559481000e+00
986 9.8501000000e+00 -7.3965305400e-01 -7.2905000000e-02
987 9.8601000000e+00 -7.3892400400e-01 -6.4111090000e-01
988 9.8701000000e+00 -7.3251289500e-01 3.3109290000e-01
989 9.8801000000e+00 -7.3582382400e-01 -4.8673840000e-01
990 9.8901000000e+00 -7.3095644000e-01 -3.5038890000e-01
991 9.9001000000e+00 -7.2745255100e-01 -3.2337180000e-01
992 9.9101000000e+00 -7.2421883300e-01 -6.3252850000e-01
993 9.9201000000e+00 -7.1789354800e-01 3.5584250000e-01
994 9.9301000000e+00 -7.2145197300e-01 -2.1259440000e-01
995 9.9401000000e+00 -7.1932602900e-01 -4.4713000000e-02
996 9.9501000000e+00 -7.1887889900e-01 -8.2479810000e-01
997 9.9601000000e+00 -7.1063091800e-01 -1.1236991000e+00
998 9.9701000000e+00 -6.9939392700e-01 8.1470680000e-01
999 9.9801000000e+00 -7.0754099500e-01 -6.1010110000e-01
1000 9.9901000000e+00 -7.0143998400e-01 -2.0051760000e-01
1001 1.0000100000e+01 -6.9943480800e-01 6.0267600000e-02
1002 1.0010100000e+01 -7.0003748400e-01 -1.0065557000e+00
1003 1.0020100000e+01 -6.8997192700e-01 -3.8832400000e-02
1004 1.0030100000e+01 -6.8958360300e-01 1.2291490000e-01
1005 1.0040100000e+01 -6.9081275200e-01 -3.9968910000e-01
1006 1.0050100000e+01 -6.8681586100e-01 -1.1374388000e+00
1007 1.0060100000e+01 -6.7544147300e-01 1.5698260000e-01
1008 1.0070100000e+01 -6.7701129900e-01 -3.3560810000e-01
1009 1.0080100000e+01 -6.7365521800e-01 -5.0872240000e-01
1010 1.0090100000e+01 -6.6856799400e-01 8.4389500000e-02
1011 1.0100100000e+01 -6.6941188900e-01 -6.3634320000e-01
1012 1.0110100000e+01 -6.6304845700e-01 -1.7932220000e-01
1013 1.0120100000e+01 -6.6125523500e-01 -3.4368400000e-01
1014 1.0130100000e+01 -6.5781839500e-01 -3.4432170000e-01
1015 1.0140100000e+01 -6.5437517800e-01 -2.4465960000e-01
1016 1.0150100000e+01 -6.5192858200e-01 -3.1685880000e-01
1017 1.0160100000e+01 -6.4875999400e-01 -8.5952340000e-01
1018 1.0170100000e+01 -6.4016476000e-01 1.4983020000e-01
1019 1.0180100000e+01 -6.4166306200e-01 -7.3931600000e-02
1020 1.0190100000e+01 -6.4092374600e-01 -5.3795200000e-01
1021 1.0200100000e+01 -6.3554422600e-01 -3.7474890000e-01
1022 1.0210100000e+01 -6.3179673700e-01 -7.1808260000e-01
1023 1.0220100000e+01 -6.2461591100e-01 2.2971890000e-01
1024 1.0230100000e+01 -6.2691310000e-01 -5.3915680000e-01
1025 1.0240100000e+01 -6.2152153200e-01 -3.3362200000e-01
1026 1.0250100000e+01 -6.1818531200e-01 -4.7008000000e-01
1027 1.0260100000e+01 -6.1348451200e-01 -3.4770680000e-01
1028 1.0270100000e+01 -6.1000744400e-01 -1.0579380000e-01
1029 1.0280100000e+01 -6.0894950600e-01 -9.8398610000e-01
1030 1.0290100000e+01 -5.9910964500e-01 9.7460500000e-02
1031 1.0300100000e+01 -6.0008425000e-01 -6.7687610000e-01
1032 1.0310100000e+01 -5.9331548900e-01 -4.3338500000e-01
1033 1.0320100000e+01 -5.8898163900e-01 2.7396560000e-01
1034 1.0330100000e+01 -5.9172129500e-01 -7.6366720000e-01
1035 1.0340100000e+01 -5.8408462300e-01 -3.7033190000e-01
1036 1.0350100000e+01 -5.8038130400e-01 -1.3740760000e-01
1037 1.0360100000e+01 -5.7900722800e-01 -7.4178760000e-01
1038 1.0370100000e+01 -5.7158935200e-01 8.8456600000e-02
1039 1.0380100000e+01 -5.7247391800e-01 -7.0295400000e-01
1040 1.0390100000e+01 -5.6544437800e-01 -1.3095710000e-01
1041 1.0400100000e+01 -5.6413480700e-01 -9.0943000000e-02
1042 1.0410100000e+01 -5.6322537700e-01 -6.6447900000e-01
1043 1.0420100000e+01 -5.5658058700e-01 -6.2965000000e-03
1044 1.0430100000e+01 -5.5651762200e-01 -4.8294750000e-01
1045 1.0440100000e+01 -5.5168814700e-01 -6.6572640000e-01
1046 1.0450100000e+01 -5.4503088300e-01 -6.4809080000e-01
1047 1.0460100000e+01 -5.3854997500e-01 2.9342200000e-01
1048 1.0470100000e+01 -5.4148419500e-01 -5.7453640000e-01
1049 1.0480100000e+01 -5.3573883100e-01 -1.2044536000e+00
1050 1.0490100000e+01 -5.2369429500e-01 1.8964650000e-01
1051 1.0500100000e+01 -5.2559076000e-01 -5.3500110000e-01
1052 1.0510100000e+01 -5.2024074900e-01 -4.5784410000e-01
1053 1.0520100000e+01 -5.1566230800e-01 4.5040820000e-01
1054 1.0530100000e+01 -5.2016639000e-01 -4.9713780000e-01
1055 1.0540100000e+01 -5.1519501200e-01 -8.8041620000e-01
1056 1.0550100000e+01 -5.0639085000e-01 -1.5163690000e-01
1057 1.0560100000e+01 -5.0487448100e-01 -1.1204733000e+00
1058 1.0570100000e+01 -4.9366974800e-01 3.1389940000e-01
1059 1.0580100000e+01 -4.9680874200e-01 -8.9774000000e-03
1060 1.0590100000e+01 -4.9671896800e-01 -3.6458990000e-01
1061 1.0600100000e+01 -4.9307306900e-01 -3.6600030000e-01
1062 1.0610100000e+01 -4.8941306600e-01 2.9245740000e-01
1063 1.0620100000e+01 -4.9233764000e-01 -1.3868980000e+00
1064 1.0630100000e+01 -4.7846866000e-01 -5.3692890000e-01
1065 1.0640100000e+01 -4.7309937100e-01 -3.5607800000e-02
1066 1.0650100000e+01 -4.7274329300e-01 -2.7493330000e-01
1067 1.0660100000e+01 -4.6999396000e-01 -1.5057194000e+00
1068 1.0670100000e+01 -4.5493676600e-01 5.3556110000e-01
1069 1.0680100000e+01 -4.6029237700e-01 -3.1080340000e-01
1070 1.0690100000e+01 -4.5718434300e-01 -6.6413100000e-02
1071 1.0700100000e+01 -4.5652021200e-01 -4.3733340000e-01
1072 1.0710100000e+01 -4.5214687800e-01 4.0048100000e-02
1073 1.0720100000e+01 -4.5254735900e-01 -4.6586240000e-01
1074 1.0730100000e+01 -4.4788873500e-01 -2.4675660000e-01
1075 1.0740100000e+01 -4.4542116900e-01 -8.3420610000e-01
1076 1.0750100000e+01 -4.3707910800e-01 -3.9423360000e-01
1077 1.0760100000e+01 -4.3313677200e-01 -5.1940240000e-01
1078 1.0770100000e+01 -4.2794274800e-01 -1.5244020000e-01
1079 1.0780100000e+01 -4.2641834600e-01 -8.6121210000e-01
1080 1.0790100000e+01 -4.1780622500e-01 3.3287590000e-01
1081 1.0800100000e+01 -4.2113498400e-01 -9.5698670000e-01
1082 1.0810100000e+01 -4.1156511700e-01 1.3505600000e-01
1083 1.0820100000e+01 -4.1291567700e-01 -8.4432170000e-01
1084 1.0830100000e+01 -4.0447246000e-01 -9.2645600000e-02
1085 1.0840100000e+01 -4.0354600400e-01 -3.6462490000e-01
1086 1.0850100000e+01 -3.9989975500e-01 -2.7718170000e-01
1087 1.0860100000e+01 -3.9712793800e-01 -1.8608290000e-01
1088 1.0870100000e+01 -3.9526710900e-01 -8.5882360000e-01
1089 1.0880100000e+01 -3.8667887300e-01 -2.6880730000e-01
1090 1.0890100000e+01 -3.8399080000e-01 -4.3633900000e-02
1091 1.0900100000e+01 -3.8355446100e-01 -1.8587830000e-01
1092 1.0910100000e+01 -3.8169567800e-01 -6.9520470000e-01
1093 1.0920100000e+01 -3.7474363100e-01 -3.2341720000e-01
1094 1.0930100000e+01 -3.7150945900e-01 1.2757800000e-02
1095 1.0940100000e+01 -3.7163703700e-01 -9.2275480000e-01
1096 1.0950100000e+01 -3.6240948900e-01 -5.3372280000e-01
1097 1.0960100000e+01 -3.5707226100e-01 -2.2694900000e-02
1098 1.0970100000e+01 -3.5684531200e-01 -4.6807970000e-01
1099 1.0980100000e+01 -3.5216451500e-01 7.7295600000e-02
1100 1.0990100000e+01 -3.5293747100e-01 -6.1162910000e-01
1101 1.1000100000e+01 -3.4682118000e-01 -4.3140260000e-01
1102 1.1010100000e+01 -3.4250715400e-01 1.4907570000e-01
1103 1.1020100000e+01 -3.4399791100e-01 -2.0882340000e-01
1104 1.1030100000e+01 -3.4190967700e-01 -4.9464870000e-01
1105 1.1040100000e+01 -3.3696319000e-01 -5.2606250000e-01
1106 1.1050100000e+01 -3.3170256500e-01 -2.7614140000e-01
1107 1.1060100000e+01 -3.2894115100e-01 -8.7691230000e-01
1108 1.1070100000e+01 -3.2017202800e-01 -2.8440470000e-01
1109 1.1080100000e+01 -3.1732798100e-01 -3.3503930000e-01
1110 1.1090100000e+01 -3.1397758800e-01 2.4994850000e-01
1111 1.1100100000e+01 -3.1647707300e-01 -3.9443790000e-01
1112 1.1110100000e+01 -3.1253269400e-01 -7.7341580000e-01
1113 1.1120100000e+01 -3.0479853600e-01 -2.9303860000e-01
1114 1.1130100000e+01 -3.0186815000e-01 -5.2765860000e-01
1115 1.1140100000e+01 -2.9659156400e-01 -3.7073000000e-03
1116 1.1150100000e+01 -2.9655449100e-01 -2.2192260000e-01
1117 1.1160100000e+01 -2.9433526500e-01 -5.6413710000e-01
1118 1.1170100000e+01 -2.8869389400e-01 -3.9716200000e-01
1119 1.1180100000e+01 -2.8472227400e-01 -4.8786600000e-01
1120 1.1190100000e+01 -2.7984361400e-01 5.8715490000e-01
1121 1.1200100000e+01 -2.8571516300e-01 -9.0269200000e-01
1122 1.1210100000e+01 -2.7668824300e-01 -4.6754620000e-01
1123 1.1220100000e+01 -2.7201278100e-01 -1.7836740000e-01
1124 1.1230100000e+01 -2.7022910700e-01 -4.1485460000e-01
1125 1.1240100000e+01 -2.6608056100e-01 1.9278820000e-01
1126 1.1250100000e+01 -2.6800844300e-01 -7.9483320000e-01
1127 1.1260100000e+01 -2.6006011100e-01 -1.1449280000e-01
1128 1.1270100000e+01 -2.5891518300e-01 -5.4791400000e-01
1129 1.1280100000e+01 -2.5343604300e-01 -2.7765200000e-01
1130 1.1290100000e+01 -2.5065952300e-01 -1.0189975000e+00
1131 1.1300100000e+01 -2.4046954800e-01 3.6166400000e-01
1132 1.1310100000e+01 -2.4408618800e-01 -1.9562060000e-01
1133 1.1320100000e+01 -2.4212998200e-01 -4.8529000000e-02
1134 1.1330100000e+01 -2.4164469200e-01 -8.3382650000e-01
1135 1.1340100000e+01 -2.3330642700e-01 -6.0696300000e-02
1136 1.1350100000e+01 -2.3269946400e-01 -9.2506510000e-01
1137 1.1360100000e+01 -2.2344881300e-01 7.8988420000e-01
1138 1.1370100000e+01 -2.3134765500e-01 -5.3175980000e-01
1139 1.1380100000e+01 -2.2603005700e-01 -2.7017200000e-01
1140 1.1390100000e+01 -2.2332833700e-01 -3.1758630000e-01
1141 1.1400100000e+01 -2.2015247400e-01 -8.1794100000e-02
1142 1.1410100000e+01 -2.1933453300e-01 -6.1461100000e-01
1143 1.1420100000e+01 -2.1318842300e-01 -5.7357790000e-01
1144 1.1430100000e+01 -2.0745264400e-01 -4.0159020000e-01
1145 1.1440100000e+01 -2.0343674200e-01 9.6547000000e-03
1146 1.1450100000e+01 -2.0353328900e-01 -1.8955030000e-01
1147 1.1460100000e+01 -2.0163778600e-01 -5.0580970000e-01
1148 1.1470100000e+01 -1.9657968900e-01 3.3372050000e-01
1149 1.1480100000e+01 -1.9991689400e-01 -7.3239020000e-01
1150 1.1490100000e+01 -1.9259299200e-01 -4.4851710000e-01
1151 1.1500100000e+01 -1.8810782100e-01 -4.1951470000e-01
1152 1.1510100000e+01 -1.8391267400e-01 -2.0675780000e-01
1153 1.1520100000e+01 -1.8184509600e-01 2.8549960000e-01
1154 1.1530100000e+01 -1.8470009200e-01 -5.8308820000e-01
1155 1.1540100000e+01 -1.7886921000e-01 -1.3872520000e-01
1156 1.1550100000e+01 -1.7748195800e-01 -1.1969630000e-01
1157 1.1560100000e+01 -1.7628499500e-01 -4.4295290000e-01
1158 1.1570100000e+01 -1.7185546600e-01 -1.6629530000e-01
1159 1.1580100000e+01 -1.7019251300e-01 -5.2106084000e-01
1160 1.1590100000e+01 -1.6498190460e-01 5.8810544000e-01
1161 1.1600100000e+01 -1.7086295900e-01 -1.2538050000e+00
1162 1.1610100000e+01 -1.5832490900e-01 3.9423900000e-01
1163 1.1620100000e+01 -1.6226729900e-01 -3.8301730000e-01
1164 1.1630100000e+01 -1.5843712600e-01 -6.4817020000e-01
1165 1.1640100000e+01 -1.5195542400e-01 -5.1688225000e-01
1166 1.1650100000e+01 -1.4678660150e-01 -6.8819750000e-02
1167 1.1660100000e+01 -1.4609840400e-01 -2.9026064000e-01
1168 1.1670100000e+01 -1.4319579760e-01 -6.1917252000e-01
1169 1.1680100000e+01 -1.3700407240e-01 6.1012316000e-01
1170 1.1690100000e+01 -1.4310530400e-01 -2.5880291000e-01
1171 1.1700100000e+01 -1.4051727490e-01 -5.9236169000e-01
1172 1.1710100000e+01 -1.3459365800e-01 1.5280360000e-02
1173 1.1720100000e+01 -1.3474646160e-01 -2.7981861000e-01
1174 1.1730100000e+01 -1.3194827550e-01 -2.7108545000e-01
1175 1.1740100000e+01 -1.2923742100e-01 -2.9706590000e-01
1176 1.1750100000e+01 -1.2626676200e-01 6.4246415000e-01
1177 1.1760100000e+01 -1.3269140350e-01 -1.1103794000e+00
1178 1.1770100000e+01 -1.2158760950e-01 -9.1334250000e-02
1179 1.1780100000e+01 -1.2067426700e-01 2.8007252000e-01
1180 1.1790100000e+01 -1.2347499220e-01 -7.6780181000e-01
1181 1.1800100000e+01 -1.1579697410e-01 -1.8720687000e-01
1182 1.1810100000e+01 -1.1392490540e-01 -2.3032704000e-01
1183 1.1820100000e+01 -1.1162163500e-01 1.1323144000e-01
1184 1.1830100000e+01 -1.1275394940e-01 -6.6158570000e-01
1185 1.1840100000e+01 -1.0613809240e-01 -4.5990290000e-02
1186 1.1850100000e+01 -1.0567818950e-01 -3.6217421000e-01
1187 1.1860100000e+01 -1.0205644740e-01 2.7973016000e-01
1188 1.1870100000e+01 -1.0485374900e-01 -1.8441180000e-01
1189 1.1880100000e+01 -1.0300963100e-01 -3.4077093000e-01
1190 1.1890100000e+01 -9.9601921700e-02 -6.2141603000e-01
1191 1.1900100000e+01 -9.3387761400e-02 5.0631374000e-01
1192 1.1910100000e+01 -9.8450898800e-02 -7.2729050000e-01
1193 1.1920100000e+01 -9.1177993800e-02 -2.4886439000e-01
1194 1.1930100000e+01 -8.8689349900e-02 -5.3903791000e-01
1195 1.1940100000e+01 -8.3298970800e-02 6.2437110000e-02
1196 1.1950100000e+01 -8.3923341900e-02 -1.7319643000e-01
1197 1.1960100000e+01 -8.2191377600e-02 -1.4190766000e-01
1198 1.1970100000e+01 -8.0772301000e-02 -2.9176981000e-01
1199 1.1980100000e+01 -7.7854602900e-02 2.5225000000e-02
1200 1.1990100000e+01 -7.8106852900e-02 -3.2727309000e-01
1201 1.2000100000e+01 -7.4834122000e-02 -7.8335503000e-01
1202 1.2010100000e+01 -6.7000571700e-02 2.6256502000e-01
1203 1.2020100000e+01 -6.9626221900e-02 6.0135000000e-02
1204 1.2030100000e+01 -7.0227571900e-02 -5.6181099000e-01
1205 1.2040100000e+01 -6.4609462000e-02 7.2754195000e-01
1206 1.2050100000e+01 -7.1884881500e-02 -6.2691711000e-01
1207 1.2060100000e+01 -6.5615710400e-02 -5.2935226000e-01
1208 1.2070100000e+01 -6.0322187800e-02 -7.5373070000e-02
1209 1.2080100000e+01 -5.9568457100e-02 7.5630280000e-02
1210 1.2090100000e+01 -6.0324759900e-02 -7.6663310000e-02
1211 1.2100100000e+01 -5.9558126800e-02 -4.7804105000e-01
1212 1.2110100000e+01 -5.4777716300e-02 1.5012821000e-01
1213 1.2120100000e+01 -5.6278998400e-02 -3.6926856000e-01
1214 1.2130100000e+01 -5.2586312800e-02 4.2644800000e-03
1215 1.2140100000e+01 -5.2628957600e-02 -6.6552691000e-01
1216 1.2150100000e+01 -4.5973688500e-02 1.8290477000e-01
1217 1.2160100000e+01 -4.7802736200e-02 -4.2887209000e-01
1218 1.2170100000e+01 -4.3514015300e-02 4.0305218000e-01
1219 1.2180100000e+01 -4.7544537100e-02 -5.8592011000e-01
1220 1.2190100000e+01 -4.1685336000e-02 -1.4098692000e-01
1221 1.2200100000e+01 -4.0275466800e-02 -2.9708920000e-02
1222 1.2210100000e+01 -3.9978377600e-02 -3.5905841500e-01
1223 1.2220100000e+01 -3.6387793450e-02 3.3768086500e-01
1224 1.2230100000e+01 -3.9764602100e-02 -1.9069160400e-01
1225 1.2240100000e+01 -3.7857686060e-02 -5.7985103200e-01
1226 1.2250100000e+01 -3.2059175740e-02 6.5642699600e-01
1227 1.2260100000e+01 -3.8623445700e-02 -1.4535117440e+00
1228 1.2270100000e+01 -2.4088328260e-02 4.1690631300e-01
1229 1.2280100000e+01 -2.8257391390e-02 8.1050062000e-02
1230 1.2290100000e+01 -2.9067892010e-02 -2.1713881100e-01
1231 1.2300100000e+01 -2.6896503900e-02 4.3374066000e-02
1232 1.2310100000e+01 -2.7330244560e-02 5.6263408400e-01
1233 1.2320100000e+01 -3.2956585400e-02 -1.1700499200e+00
1234 1.2330100000e+01 -2.1256086200e-02 3.6807752046e-01
1235 1.2340100000e+01 -2.4936861405e-02 -3.8429690406e-01
1236 1.2350100000e+01 -2.1093892364e-02 -1.0680570640e-01
1237 1.2360100000e+01 -2.0025835300e-02 5.7973274000e-02
1238 1.2370100000e+01 -2.0605568040e-02 -2.8605469500e-01
1239 1.2380100000e+01 -1.7745021090e-02 1.4263921000e-02
1240 1.2390100000e+01 -1.7887660300e-02 1.4356724000e-01
1241 1.2400100000e+01 -1.9323332700e-02 -3.1926586400e-01
1242 1.2410100000e+01 -1.6130674060e-02 -2.8143877000e-01
1243 1.2420100000e+01 -1.3316286360e-02 3.4395166000e-02
1244 1.2430100000e+01 -1.3660238020e-02 -4.6367071740e-01
1245 1.2440100000e+01 -9.0235308460e-03 -3.0018197160e-01
1246 1.2450100000e+01 -6.0217111300e-03 1.8114072900e-01
1247 1.2460100000e+01 -7.8331184200e-03 2.7116003900e-01
1248 1.2470100000e+01 -1.0544718810e-02 -5.0958701500e-01
1249 1.2480100000e+01 -5.4488486600e-03 -2.6071189540e-01
1250 1.2490100000e+01 -2.8417297060e-03 7.6994470740e-01
1251 1.2500100000e+01 -1.0541176780e-02 -4.7622479600e-01
1252 1.2510100000e+01 -5.7789288200e-03 -3.3745467100e-01
1253 1.2520100000e+01 -2.4043821100e-03 1.6741395500e-01
1254 1.2530100000e+01 -4.0785216600e-03 -4.7360579200e-01
1255 1.2540100000e+01 6.5753626000e-04 -2.1909059590e-01
1256 1.2550100000e+01 2.8484422190e-03 3.0141621290e-01
1257 1.2560100000e+01 -1.6571991000e-04 -4.0370408900e-01
1258 1.2570100000e+01 3.8713209800e-03 1.3224770000e-02
1259 1.2580100000e+01 3.7390732800e-03 -7.4458167200e-02
1260 1.2590100000e+01 4.4836549520e-03 2.8819551920e-01
1261 1.2600100000e+01 1.6016997600e-03 -5.7362615340e-01
1262 1.2610100000e+01 7.3379612940e-03 1.8087758140e-01
1263 1.2620100000e+01 5.5291854800e-03 -8.4399832000e-02
1264 1.2630100000e+01 6.3731838000e-03 -4.8704369870e-01
1265 1.2640100000e+01 1.1243620787e-02 3.8148461870e-01
1266 1.2650100000e+01 7.4287746000e-03 -5.1341622200e-01
1267 1.2660100000e+01 1.2562936820e-02 -5.1906433130e-01
1268 1.2670100000e+01 1.7753580133e-02 9.4087189530e-01
1269 1.2680100000e+01 8.3448611800e-03 -5.7667646300e-01
1270 1.2690100000e+01 1.4111625810e-02 1.7672331800e-01
1271 1.2700100000e+01 1.2344392630e-02 -1.0452085470e-01
1272 1.2710100000e+01 1.3389601177e-02 1.1941943570e-01
1273 1.2720100000e+01 1.2195406820e-02 -1.0271895900e-01
1274 1.2730100000e+01 1.3222596410e-02 -7.1791907000e-02
1275 1.2740100000e+01 1.3940515480e-02 2.3996449900e-01
1276 1.2750100000e+01 1.1540870490e-02 -7.6350475200e-01
1277 1.2760100000e+01 1.9175918010e-02 2.2356390500e-01
1278 1.2770100000e+01 1.6940278960e-02 -4.5646167900e-01
1279 1.2780100000e+01 2.1504895750e-02 4.1349102400e-01
1280 1.2790100000e+01 1.7369985510e-02 1.7739910000e-03
1281 1.2800100000e+01 1.7352245600e-02 -2.7972525000e-01
1282 1.2810100000e+01 2.0149498100e-02 2.6616839000e-02
1283 1.2820100000e+01 1.9883329710e-02 1.1149829200e-01
1284 1.2830100000e+01 1.8768346790e-02 -8.4072200000e-02
1285 1.2840100000e+01 1.9609068790e-02 -4.2982187400e-01
1286 1.2850100000e+01 2.3907287530e-02 5.5724526000e-01
1287 1.2860100000e+01 1.8334834930e-02 -9.2060038700e-01
1288 1.2870100000e+01 2.7540838800e-02 3.2086412000e-01
1289 1.2880100000e+01 2.4332197600e-02 3.0404579000e-01
1290 1.2890100000e+01 2.1291739700e-02 -5.6799972400e-01
1291 1.2900100000e+01 2.6971736940e-02 9.0444058800e-01
1292 1.2910100000e+01 1.7927331060e-02 -4.6519351300e-01
1293 1.2920100000e+01 2.2579266190e-02 -3.4204779100e-01
1294 1.2930100000e+01 2.5999744100e-02 -2.3584314000e-01
1295 1.2940100000e+01 2.8358175500e-02 1.0222072000e-01
1296 1.2950100000e+01 2.7335968300e-02 1.1815248600e-01
1297 1.2960100000e+01 2.6154443440e-02 -5.1192042600e-01
1298 1.2970100000e+01 3.1273647700e-02 7.1390492000e-01
1299 1.2980100000e+01 2.4134598500e-02 -2.3796084300e-01
1300 1.2990100000e+01 2.6514206930e-02 -2.5274837000e-02
1301 1.3000100000e+01 2.6766955300e-02 -2.0301928000e-01
1302 1.3010100000e+01 2.8797148100e-02 5.9304205000e-02
1303 1.3020100000e+01 2.8204106050e-02 -3.9493337500e-01
1304 1.3030100000e+01 3.2153439800e-02 3.0030426800e-01
1305 1.3040100000e+01 2.9150397120e-02 -4.0413878800e-01
1306 1.3050100000e+01 3.3191785000e-02 2.7143174000e-01
1307 1.3060100000e+01 3.0477467600e-02 -1.0718374400e-01
1308 1.3070100000e+01 3.1549305040e-02 3.3981744900e-01
1309 1.3080100000e+01 2.8151130550e-02 -4.7993139500e-01
1310 1.3090100000e+01 3.2950444500e-02 1.4241995500e-01
1311 1.3100100000e+01 3.1526244950e-02 -3.4309879300e-01
1312 1.3110100000e+01 3.4957232880e-02 4.8236904300e-01
1313 1.3120100000e+01 3.0133542450e-02 2.5183795500e-01
1314 1.3130100000e+01 2.7615162900e-02 2.1831006400e-01
1315 1.3140100000e+01 2.5432062260e-02 -2.9400710400e-01
1316 1.3150100000e+01 2.8372133300e-02 -3.3715190000e-01
1317 1.3160100000e+01 3.1743652300e-02 -6.3053860000e-03
1318 1.3170100000e+01 3.1806706160e-02 6.0297989000e-02
1319 1.3180100000e+01 3.1203726270e-02 4.2077617000e-02
1320 1.3190100000e+01 3.0782950100e-02 -3.1650830000e-01
1321 1.3200100000e+01 3.3948033100e-02 5.3056310000e-02
1322 1.3210100000e+01 3.3417470000e-02 4.2205775000e-01
1323 1.3220100000e+01 2.9196892500e-02 -1.9922966000e-01
1324 1.3230100000e+01 3.1189189100e-02 4.2262271000e-01
1325 1.3240100000e+01 2.6962962000e-02 -4.7587259550e-01
1326 1.3250100000e+01 3.1721687955e-02 -6.4715168850e-01
1327 1.3260100000e+01 3.8193204840e-02 3.0955995400e-01
1328 1.3270100000e+01 3.5097605300e-02 1.2614309000e-01
1329 1.3280100000e+01 3.3836174400e-02 5.3464360000e-01
1330 1.3290100000e+01 2.8489738400e-02 -8.9588360000e-02
1331 1.3300100000e+01 2.9385622000e-02 -6.6343403000e-01
1332 1.3310100000e+01 3.6019962300e-02 4.2895532500e-01
1333 1.3320100000e+01 3.1730409050e-02 -1.7429711500e-01
1334 1.3330100000e+01 3.3473380200e-02 2.7460157700e-01
1335 1.3340100000e+01 3.0727364430e-02 -4.0199317700e-01
1336 1.3350100000e+01 3.4747296200e-02 5.6461248000e-01
1337 1.3360100000e+01 2.9101171400e-02 2.6088970000e-02
1338 1.3370100000e+01 2.8840281700e-02 -6.7217676000e-01
1339 1.3380100000e+01 3.5562049300e-02 1.6275883500e-01
1340 1.3390100000e+01 3.3934460950e-02 5.7067662500e-01
1341 1.3400100000e+01 2.8227694700e-02 -4.1224870600e-01
1342 1.3410100000e+01 3.2350181760e-02 -4.9226564000e-02
1343 1.3420100000e+01 3.2842447400e-02 5.9757372700e-01
1344 1.3430100000e+01 2.6866710130e-02 -3.5477386700e-01
1345 1.3440100000e+01 3.0414448800e-02 1.5238613000e-01
1346 1.3450100000e+01 2.8890587500e-02 -3.2796976200e-01
1347 1.3460100000e+01 3.2170285120e-02 2.1755923200e-01
1348 1.3470100000e+01 2.9994692800e-02 4.7265140000e-03
1349 1.3480100000e+01 2.9947427660e-02 -4.4726014000e-02
1350 1.3490100000e+01 3.0394687800e-02 -2.2716230000e-02
1351 1.3500100000e+01 3.0621850100e-02 -1.1783992000e-02
1352 1.3510100000e+01 3.0739690020e-02 -8.1693873800e-01
1353 1.3520100000e+01 3.8909077400e-02 8.5264472000e-01
1354 1.3530100000e+01 3.0382630200e-02 -3.4566750000e-02
1355 1.3540100000e+01 3.0728297700e-02 -5.3301940000e-02
1356 1.3550100000e+01 3.1261317100e-02 4.3747762500e-01
1357 1.3560100000e+01 2.6886540850e-02 -6.5292445000e-02
1358 1.3570100000e+01 2.7539465300e-02 1.3778171500e-01
1359 1.3580100000e+01 2.6161648150e-02 -1.7094408200e-01
1360 1.3590100000e+01 2.7871088970e-02 -2.5800703000e-02
1361 1.3600100000e+01 2.8129096000e-02 3.8777197000e-01
1362 1.3610100000e+01 2.4251376300e-02 -2.8204032000e-01
1363 1.3620100000e+01 2.7071779500e-02 -1.3707419000e-01
1364 1.3630100000e+01 2.8442521400e-02 -1.6221867700e-01
1365 1.3640100000e+01 3.0064708170e-02 4.9182807500e-01
1366 1.3650100000e+01 2.5146427420e-02 1.2924410800e-02
1367 1.3660100000e+01 2.5017183312e-02 -9.7200388000e-03
1368 1.3670100000e+01 2.5114383700e-02 4.0129266200e-01
1369 1.3680100000e+01 2.1101457080e-02 3.1731024100e-01
1370 1.3690100000e+01 1.7928354670e-02 -5.0025995100e-01
1371 1.3700100000e+01 2.2930954180e-02 -9.2819424000e-02
1372 1.3710100000e+01 2.3859148420e-02 2.9703277300e-01
1373 1.3720100000e+01 2.0888820690e-02 -6.9850997500e-01
1374 1.3730100000e+01 2.7873920440e-02 4.0322157000e-01
1375 1.3740100000e+01 2.3841704740e-02 -2.1360516600e-01
1376 1.3750100000e+01 2.5977756400e-02 -1.5380100000e-03
1377 1.3760100000e+01 2.5993136500e-02 5.5121952000e-01
1378 1.3770100000e+01 2.0480941300e-02 -5.6716652000e-01
1379 1.3780100000e+01 2.6152606500e-02 6.9464142900e-01
1380 1.3790100000e+01 1.9206192210e-02 -6.1140743900e-01
1381 1.3800100000e+01 2.5320266600e-02 2.8313156000e-01
1382 1.3810100000e+01 2.2488951000e-02 5.7799076000e-02
1383 1.3820100000e+01 2.1910960240e-02 -2.4474076600e-01
1384 1.3830100000e+01 2.4358367900e-02 9.2554834000e-02
1385 1.3840100000e+01 2.3432819560e-02 6.0243066100e-01
1386 1.3850100000e+01 1.7408512950e-02 3.1198463000e-01
1387 1.3860100000e+01 1.4288666650e-02 -4.6139892500e-01
1388 1.3870100000e+01 1.8902655900e-02 -1.2000646460e-01
1389 1.3880100000e+01 2.0102720546e-02 1.9958050860e-01
1390 1.3890100000e+01 1.8106915460e-02 -6.6683347400e-01
1391 1.3900100000e+01 2.4775250200e-02 4.8384652000e-01
1392 1.3910100000e+01 1.9936785000e-02 -9.9452966600e-02
1393 1.3920100000e+01 2.0931314666e-02 -1.9636208540e-01
1394 1.3930100000e+01 2.2894935520e-02 3.1321670000e-03
1395 1.3940100000e+01 2.2863613850e-02 2.5601672500e-01
1396 1.3950100000e+01 2.0303446600e-02 3.0129369000e-01
1397 1.3960100000e+01 1.7290509700e-02 3.8782794200e-01
1398 1.3970100000e+01 1.3412230280e-02 -2.5109060200e-01
1399 1.3980100000e+01 1.5923136300e-02 -9.1824619600e-01
1400 1.3990100000e+01 2.5105598260e-02 7.2153103900e-01
1401 1.4000100000e+01 1.7890287870e-02 5.2659086900e-02
1402 1.4010100000e+01 1.7363697001e-02 8.2690773510e-01
1403 1.4020100000e+01 9.0946196500e-03 -5.1839463900e-01
1404 1.4030100000e+01 1.4278566040e-02 5.3472771300e-01
1405 1.4040100000e+01 8.9312889100e-03 -2.7324533000e-01
1406 1.4050100000e+01 1.1663742210e-02 -2.5238905200e-01
1407 1.4060100000e+01 1.4187632730e-02 3.4403826000e-01
1408 1.4070100000e+01 1.0747250130e-02 -2.4685752000e-02
1409 1.4080100000e+01 1.0994107650e-02 4.8106996700e-03
1410 1.4090100000e+01 1.0946000653e-02 7.6538095330e-02
1411 1.4100100000e+01 1.0180619700e-02 4.8580628000e-02
1412 1.4110100000e+01 9.6948134200e-03 -5.5441515900e-01
1413 1.4120100000e+01 1.5238965010e-02 4.7590135700e-01
1414 1.4130100000e+01 1.0479951440e-02 -4.4273994600e-01
1415 1.4140100000e+01 1.4907350900e-02 2.7042718500e-01
1416 1.4150100000e+01 1.2203079050e-02 2.6494048200e-01
1417 1.4160100000e+01 9.5536742300e-03 -2.0742383400e-01
1418 1.4170100000e+01 1.1627912570e-02 3.1838085000e-02
1419 1.4180100000e+01 1.1309531720e-02 1.5292447400e-01
1420 1.4190100000e+01 9.7802869800e-03 -3.6962418000e-02
1421 1.4200100000e+01 1.0149911160e-02 5.5918297000e-01
1422 1.4210100000e+01 4.5580814600e-03 4.1801672300e-01
1423 1.4220100000e+01 3.7791423000e-04 -3.2195789800e-01
1424 1.4230100000e+01 3.5974932100e-03 -3.6215711500e-01
1425 1.4240100000e+01 7.2190643600e-03 -9.9631786000e-02
1426 1.4250100000e+01 8.2153822200e-03 -3.9034694700e-01
1427 1.4260100000e+01 1.2118851690e-02 1.0631882782e+00
1428 1.4270100000e+01 1.4869689080e-03 -2.6936736420e-01
1429 1.4280100000e+01 4.1806425500e-03 -2.7815007400e-01
1430 1.4290100000e+01 6.9621432900e-03 -9.1261505300e-02
1431 1.4300100000e+01 7.8747583430e-03 -4.5967649570e-01
1432 1.4310100000e+01 1.2471523300e-02 7.1373426400e-01
1433 1.4320100000e+01 5.3341806600e-03 -4.3468432500e-01
1434 1.4330100000e+01 9.6810239100e-03 2.4207169300e-01
1435 1.4340100000e+01 7.2603069800e-03 4.2142405300e-01
1436 1.4350100000e+01 3.0460664500e-03 -1.6350986000e-01
1437 1.4360100000e+01 4.6811650500e-03 -8.9056148000e-03
1438 1.4370100000e+01 4.7702211980e-03 1.3391572280e-01
1439 1.4380100000e+01 3.4310639700e-03 -2.0177465420e-01
1440 1.4390100000e+01 5.4488105120e-03 -1.3290305130e-01
1441 1.4400100000e+01 6.7778410250e-03 3.3697755650e-01
1442 1.4410100000e+01 3.4080654600e-03 2.5440208000e-01
1443 1.4420100000e+01 8.6404466000e-04 -6.5369987000e-02
1444 1.4430100000e+01 1.5177445300e-03 -1.0372809360e-01
1445 1.4440100000e+01 2.5550254660e-03 2.0743023560e-01
1446 1.4450100000e+01 4.8072311000e-04 4.2185031450e-01
1447 1.4460100000e+01 -3.7377800350e-03 -4.5014695742e-01
1448 1.4470100000e+01 7.6368953924e-04 2.2040712292e-01
1449 1.4480100000e+01 -1.4403816900e-03 7.7385621500e-02
1450 1.4490100000e+01 -2.2142379050e-03 -2.0921896550e-01
1451 1.4500100000e+01 -1.2204825000e-04 -2.4148002360e-01
1452 1.4510100000e+01 2.2927519860e-03 1.8565384778e-01
1453 1.4520100000e+01 4.3621350820e-04 -4.9341274518e-01
1454 1.4530100000e+01 5.3703409600e-03 2.2325396800e-01
1455 1.4540100000e+01 3.1378012800e-03 2.8929897190e-01
1456 1.4550100000e+01 2.4481156100e-04 6.0570824100e-02
1457 1.4560100000e+01 -3.6089668000e-04 -2.0529709360e-01
1458 1.4570100000e+01 1.6920742560e-03 1.9003921360e-01
1459 1.4580100000e+01 -2.0831788000e-04 -2.3856545000e-02
1460 1.4590100000e+01 3.0247570000e-05 1.7686980460e-01
1461 1.4600100000e+01 -1.7384504760e-03 7.3857171400e-02
1462 1.4610100000e+01 -2.4770221900e-03 1.4319204200e-01
1463 1.4620100000e+01 -3.9089426100e-03 -3.1555352820e-01
1464 1.4630100000e+01 -7.5340732800e-04 7.4813197500e-02
1465 1.4640100000e+01 -1.5015393030e-03 -1.8310269430e-01
1466 1.4650100000e+01 3.2948764000e-04 5.5122564000e-03
1467 1.4660100000e+01 2.7436507600e-04 4.1154528760e-01
1468 1.4670100000e+01 -3.8410878000e-03 -4.6791629200e-01
1469 1.4680100000e+01 8.3807512000e-04 1.7123748500e-01
1470 1.4690100000e+01 -8.7429973000e-04 -1.9957047450e-01
1471 1.4700100000e+01 1.1214050150e-03 1.7386733250e-01
1472 1.4710100000e+01 -6.1726831000e-04 1.6769133000e-03
1473 1.4720100000e+01 -6.3403744300e-04 2.0985692610e-01
1474 1.4730100000e+01 -2.7326067040e-03 -1.5910753257e-01
1475 1.4740100000e+01 -1.1415313783e-03 -3.9821071830e-02
1476 1.4750100000e+01 -7.4332066000e-04 -4.0255383300e-01
1477 1.4760100000e+01 3.2822176700e-03 5.9598575400e-01
1478 1.4770100000e+01 -2.6776398700e-03 4.8414431026e-01
1479 1.4780100000e+01 -7.5190829726e-03 -4.9098024526e-01
1480 1.4790100000e+01 -2.6092805200e-03 -9.6285078000e-02
1481 1.4800100000e+01 -1.6464297400e-03 3.8442747250e-01
1482 1.4810100000e+01 -5.4907044650e-03 -1.4108871270e-01
1483 1.4820100000e+01 -4.0798173380e-03 -8.3824335780e-01
1484 1.4830100000e+01 4.3026162400e-03 1.7011328150e-01
1485 1.4840100000e+01 2.6014834250e-03 2.0797434750e-01
1486 1.4850100000e+01 5.2173995000e-04 1.8269990723e-01
1487 1.4860100000e+01 -1.3052591223e-03 4.9309842567e-01
1488 1.4870100000e+01 -6.2362433790e-03 -3.9826693400e-02
1489 1.4880100000e+01 -5.8379764450e-03 -1.8009985120e-01
1490 1.4890100000e+01 -4.0369779330e-03 -4.6750436920e-01
1491 1.4900100000e+01 6.3806575900e-04 7.0398505000e-02
1492 1.4910100000e+01 -6.5919291000e-05 1.3892436490e-01
1493 1.4920100000e+01 -1.4551629400e-03 -4.3680978000e-02
1494 1.4930100000e+01 -1.0183531600e-03 6.8927084800e-01
1495 1.4940100000e+01 -7.9110616400e-03 -3.9805223680e-01
1496 1.4950100000e+01 -3.9305392720e-03 -1.3866144000e-01
1497 1.4960100000e+01 -2.5439248720e-03 -3.9737495020e-01
1498 1.4970100000e+01 1.4298246300e-03 5.0611045300e-01
1499 1.4980100000e+01 -3.6312799000e-03 -2.3599215000e-01
1500 1.4990100000e+01 -1.2713584000e-03 3.4419888900e-01
1501 1.5000100000e+01 -4.7133472900e-03 -4.4651921300e-02
1502 1.5010100000e+01 -4.2668280770e-03 -8.5335590270e-01
1503 1.5020100000e+01 4.2667309500e-03 6.4032475330e-01
1504 1.5030100000e+01 -2.1365165830e-03 1.5578024970e-01
1505 1.5040100000e+01 -3.6943190800e-03 -6.5978231700e-02
1506 1.5050100000e+01 -3.0345367630e-03 6.4635328500e-02
1507 1.5060100000e+01 -3.6808900480e-03 -3.2837778050e-01
1508 1.5070100000e+01 -3.9711224300e-04 -4.7693173000e-03
1509 1.5080100000e+01 -3.4941907000e-04 -3.7782924900e-01
1510 1.5090100000e+01 3.4288734200e-03 1.4151989200e-01
1511 1.5100100000e+01 2.0136745000e-03 5.8267196100e-01
1512 1.5110100000e+01 -3.8130451100e-03 -2.3515407000e-02
1513 1.5120100000e+01 -3.5778910400e-03 -1.1622549257e-01
1514 1.5130100000e+01 -2.4156361143e-03 1.7227386170e-02
1515 1.5140100000e+01 -2.5879099760e-03 -2.6374715380e-01
1516 1.5150100000e+01 4.9561562000e-05 3.4905926516e-01
1517 1.5160100000e+01 -3.4410310896e-03 1.3029896444e-01
1518 1.5170100000e+01 -4.7440207340e-03 -2.7701901000e-02
1519 1.5180100000e+01 -4.4670017240e-03 -7.4645243640e-01
1520 1.5190100000e+01 2.9975226400e-03 1.3496805360e-01
1521 1.5200100000e+01 1.6478421040e-03 4.3458634900e-01
1522 1.5210100000e+01 -2.6980213860e-03 -5.5871102720e-02
1523 1.5220100000e+01 -2.1393103588e-03 -1.3457115888e-01
1524 1.5230100000e+01 -7.9359877000e-04 5.3463579000e-02
1525 1.5240100000e+01 -1.3282345600e-03 7.4027168000e-02
1526 1.5250100000e+01 -2.0685062400e-03 5.5061889200e-01
1527 1.5260100000e+01 -7.5746951600e-03 -1.3520404200e-01
1528 1.5270100000e+01 -6.2226547400e-03 -2.2195713080e-01
1529 1.5280100000e+01 -4.0030834320e-03 -9.6296946500e-02
1530 1.5290100000e+01 -3.0401139670e-03 -2.9346498000e-02
1531 1.5300100000e+01 -2.7466489870e-03 -6.5173602400e-02
1532 1.5310100000e+01 -2.0949129630e-03 -4.2129538260e-01
1533 1.5320100000e+01 2.1180408630e-03 -3.2053165000e-02
1534 1.5330100000e+01 2.4385725130e-03 -1.5208898270e-01
1535 1.5340100000e+01 3.9594623400e-03 4.8869586500e-02
1536 1.5350100000e+01 3.4707664750e-03 3.0230415150e-01
1537 1.5360100000e+01 4.4772496000e-04 6.9149219500e-01
1538 1.5370100000e+01 -6.4671969900e-03 -5.3158904380e-01
1539 1.5380100000e+01 -1.1513065520e-03 2.0824265300e-01
1540 1.5390100000e+01 -3.2337330820e-03 -1.9619376450e-01
1541 1.5400100000e+01 -1.2717954370e-03 3.7852823130e-01
1542 1.5410100000e+01 -5.0570777500e-03 3.5031032480e-02
1543 1.5420100000e+01 -5.4073880748e-03 -3.7936424348e-01
1544 1.5430100000e+01 -1.6137456400e-03 7.4111666600e-02
1545 1.5440100000e+01 -2.3548623060e-03 2.4921861440e-01
1546 1.5450100000e+01 -4.8470484500e-03 -5.6971084460e-01
1547 1.5460100000e+01 8.5005999600e-04 1.4843485564e-01
1548 1.5470100000e+01 -6.3428856040e-04 1.9496314936e-01
1549 1.5480100000e+01 -2.5839200540e-03 -2.3658228450e-01
1550 1.5490100000e+01 -2.1809720900e-04 -0.0000000000e+00
