VOTCA
N 1550 R 0.000100 15.500000

1 1.0000000002e-04 3.0837173700e+03 1.0000000000e+03
2 1.0100000000e-02 3.0737173700e+03 1.0000000000e+03
3 2.0100000000e-02 3.0637173700e+03 1.0000000000e+03
4 3.0100000000e-02 3.0537173700e+03 1.0000000000e+03
5 4.0100000000e-02 3.0437173700e+03 1.0000000000e+03
6 5.0100000000e-02 3.0337173700e+03 1.0000000000e+03
7 6.0100000000e-02 3.0237173700e+03 1.0000000000e+03
8 7.0100000000e-02 3.0137173700e+03 1.0000000000e+03
9 8.0100000000e-02 3.0037173700e+03 1.0000000000e+03
10 9.0100000000e-02 2.9937173700e+03 1.0000000000e+03
11 1.0010000000e-01 2.9837173700e+03 1.0000000000e+03
12 1.1010000000e-01 2.9737173700e+03 1.0000000000e+03
13 1.2010000000e-01 2.9637173700e+03 1.0000000000e+03
14 1.3010000000e-01 2.9537173700e+03 1.0000000000e+03
15 1.4010000000e-01 2.9437173700e+03 1.0000000000e+03
16 1.5010000000e-01 2.9337173700e+03 1.0000000000e+03
17 1.6010000000e-01 2.9237173700e+03 1.0000000000e+03
18 1.7010000000e-01 2.9137173700e+03 1.0000000000e+03
19 1.8010000000e-01 2.9037173700e+03 1.0000000000e+03
20 1.9010000000e-01 2.8937173700e+03 1.0000000000e+03
21 2.0010000000e-01 2.8837173700e+03 1.0000000000e+03
22 2.1010000000e-01 2.8737173700e+03 1.0000000000e+03
23 2.2010000000e-01 2.8637173700e+03 1.0000000000e+03
24 2.3010000000e-01 2.8537173700e+03 1.0000000000e+03
25 2.4010000000e-01 2.8437173700e+03 1.0000000000e+03
26 2.5010000000e-01 2.8337173700e+03 1.0000000000e+03
27 2.6010000000e-01 2.8237173700e+03 1.0000000000e+03
28 2.7010000000e-01 2.8137173700e+03 1.0000000000e+03
29 2.8010000000e-01 2.8037173700e+03 1.0000000000e+03
30 2.9010000000e-01 2.7937173700e+03 1.0000000000e+03
31 3.0010000000e-01 2.7837173700e+03 1.0000000000e+03
32 3.1010000000e-01 2.7737173700e+03 1.0000000000e+03
33 3.2010000000e-01 2.7637173700e+03 1.0000000000e+03
34 3.3010000000e-01 2.7537173700e+03 1.0000000000e+03
35 3.4010000000e-01 2.7437173700e+03 1.0000000000e+03
36 3.5010000000e-01 2.7337173700e+03 1.0000000000e+03
37 3.6010000000e-01 2.7237173700e+03 1.0000000000e+03
38 3.7010000000e-01 2.7137173700e+03 1.0000000000e+03
39 3.8010000000e-01 2.7037173700e+03 1.0000000000e+03
40 3.9010000000e-01 2.6937173700e+03 1.0000000000e+03
41 4.0010000000e-01 2.6837173700e+03 1.0000000000e+03
42 4.1010000000e-01 2.6737173700e+03 1.0000000000e+03
43 4.2010000000e-01 2.6637173700e+03 1.0000000000e+03
44 4.3010000000e-01 2.6537173700e+03 1.0000000000e+03
45 4.4010000000e-01 2.6437173700e+03 1.0000000000e+03
46 4.5010000000e-01 2.6337173700e+03 1.0000000000e+03
47 4.6010000000e-01 2.6237173700e+03 1.0000000000e+03
48 4.7010000000e-01 2.6137173700e+03 1.0000000000e+03
49 4.8010000000e-01 2.6037173700e+03 1.0000000000e+03
50 4.9010000000e-01 2.5937173700e+03 1.0000000000e+03
51 5.0010000000e-01 2.5837173700e+03 1.0000000000e+03
52 5.1010000000e-01 2.5737173700e+03 1.0000000000e+03
53 5.2010000000e-01 2.5637173700e+03 1.0000000000e+03
54 5.3010000000e-01 2.5537173700e+03 1.0000000000e+03
55 5.4010000000e-01 2.5437173700e+03 1.0000000000e+03
56 5.5010000000e-01 2.5337173700e+03 1.0000000000e+03
57 5.6010000000e-01 2.5237173700e+03 1.0000000000e+03
58 5.7010000000e-01 2.5137173700e+03 1.0000000000e+03
59 5.8010000000e-01 2.5037173700e+03 1.0000000000e+03
60 5.9010000000e-01 2.4937173700e+03 1.0000000000e+03
61 6.0010000000e-01 2.4837173700e+03 1.0000000000e+03
62 6.1010000000e-01 2.4737173700e+03 1.0000000000e+03
63 6.2010000000e-01 2.4637173700e+03 1.0000000000e+03
64 6.3010000000e-01 2.4537173700e+03 1.0000000000e+03
65 6.4010000000e-01 2.4437173700e+03 1.0000000000e+03
66 6.5010000000e-01 2.4337173700e+03 1.0000000000e+03
67 6.6010000000e-01 2.4237173700e+03 1.0000000000e+03
68 6.7010000000e-01 2.4137173700e+03 1.0000000000e+03
69 6.8010000000e-01 2.4037173700e+03 1.0000000000e+03
70 6.9010000000e-01 2.3937173700e+03 1.0000000000e+03
71 7.0010000000e-01 2.3837173700e+03 1.0000000000e+03
72 7.1010000000e-01 2.3737173700e+03 1.0000000000e+03
73 7.2010000000e-01 2.3637173700e+03 1.0000000000e+03
74 7.3010000000e-01 2.3537173700e+03 1.0000000000e+03
75 7.4010000000e-01 2.3437173700e+03 1.0000000000e+03
76 7.5010000000e-01 2.3337173700e+03 1.0000000000e+03
77 7.6010000000e-01 2.3237173700e+03 1.0000000000e+03
78 7.7010000000e-01 2.3137173700e+03 1.0000000000e+03
79 7.8010000000e-01 2.3037173700e+03 1.0000000000e+03
80 7.9010000000e-01 2.2937173700e+03 1.0000000000e+03
81 8.0010000000e-01 2.2837173700e+03 1.0000000000e+03
82 8.1010000000e-01 2.2737173700e+03 1.0000000000e+03
83 8.2010000000e-01 2.2637173700e+03 1.0000000000e+03
84 8.3010000000e-01 2.2537173700e+03 1.0000000000e+03
85 8.4010000000e-01 2.2437173700e+03 1.0000000000e+03
86 8.5010000000e-01 2.2337173700e+03 1.0000000000e+03
87 8.6010000000e-01 2.2237173700e+03 1.0000000000e+03
88 8.7010000000e-01 2.2137173700e+03 1.0000000000e+03
89 8.8010000000e-01 2.2037173700e+03 1.0000000000e+03
90 8.9010000000e-01 2.1937173700e+03 1.0000000000e+03
91 9.0010000000e-01 2.1837173700e+03 1.0000000000e+03
92 9.1010000000e-01 2.1737173700e+03 1.0000000000e+03
93 9.2010000000e-01 2.1637173700e+03 1.0000000000e+03
94 9.3010000000e-01 2.1537173700e+03 1.0000000000e+03
95 9.4010000000e-01 2.1437173700e+03 1.0000000000e+03
96 9.5010000000e-01 2.1337173700e+03 1.0000000000e+03
97 9.6010000000e-01 2.1237173700e+03 1.0000000000e+03
98 9.7010000000e-01 2.1137173700e+03 1.0000000000e+03
99 9.8010000000e-01 2.1037173700e+03 1.0000000000e+03
100 9.9010000000e-01 2.0937173700e+03 1.0000000000e+03
101 1.0001000000e+00 2.0837173700e+03 1.0000000000e+03
102 1.0101000000e+00 2.0737173700e+03 1.0000000000e+03
103 1.0201000000e+00 2.0637173700e+03 1.0000000000e+03
104 1.0301000000e+00 2.0537173700e+03 1.0000000000e+03
105 1.0401000000e+00 2.0437173700e+03 1.0000000000e+03
106 1.0501000000e+00 2.0337173700e+03 1.0000000000e+03
107 1.0601000000e+00 2.0237173700e+03 1.0000000000e+03
108 1.0701000000e+00 2.0137173700e+03 1.0000000000e+03
109 1.0801000000e+00 2.0037173700e+03 1.0000000000e+03
110 1.0901000000e+00 1.9937173700e+03 1.0000000000e+03
111 1.1001000000e+00 1.9837173700e+03 1.0000000000e+03
112 1.1101000000e+00 1.9737173700e+03 1.0000000000e+03
113 1.1201000000e+00 1.9637173700e+03 1.0000000000e+03
114 1.1301000000e+00 1.9537173700e+03 1.0000000000e+03
115 1.1401000000e+00 1.9437173700e+03 1.0000000000e+03
116 1.1501000000e+00 1.9337173700e+03 1.0000000000e+03
117 1.1601000000e+00 1.9237173700e+03 1.0000000000e+03
118 1.1701000000e+00 1.9137173700e+03 1.0000000000e+03
119 1.1801000000e+00 1.9037173700e+03 1.0000000000e+03
120 1.1901000000e+00 1.8937173700e+03 1.0000000000e+03
121 1.2001000000e+00 1.8837173700e+03 1.0000000000e+03
122 1.2101000000e+00 1.8737173700e+03 1.0000000000e+03
123 1.2201000000e+00 1.8637173700e+03 1.0000000000e+03
124 1.2301000000e+00 1.8537173700e+03 1.0000000000e+03
125 1.2401000000e+00 1.8437173700e+03 1.0000000000e+03
126 1.2501000000e+00 1.8337173700e+03 1.0000000000e+03
127 1.2601000000e+00 1.8237173700e+03 1.0000000000e+03
128 1.2701000000e+00 1.8137173700e+03 1.0000000000e+03
129 1.2801000000e+00 1.8037173700e+03 1.0000000000e+03
130 1.2901000000e+00 1.7937173700e+03 1.0000000000e+03
131 1.3001000000e+00 1.7837173700e+03 1.0000000000e+03
132 1.3101000000e+00 1.7737173700e+03 1.0000000000e+03
133 1.3201000000e+00 1.7637173700e+03 1.0000000000e+03
134 1.3301000000e+00 1.7537173700e+03 1.0000000000e+03
135 1.3401000000e+00 1.7437173700e+03 1.0000000000e+03
136 1.3501000000e+00 1.7337173700e+03 1.0000000000e+03
137 1.3601000000e+00 1.7237173700e+03 1.0000000000e+03
138 1.3701000000e+00 1.7137173700e+03 1.0000000000e+03
139 1.3801000000e+00 1.7037173700e+03 1.0000000000e+03
140 1.3901000000e+00 1.6937173700e+03 1.0000000000e+03
141 1.4001000000e+00 1.6837173700e+03 1.0000000000e+03
142 1.4101000000e+00 1.6737173700e+03 1.0000000000e+03
143 1.4201000000e+00 1.6637173700e+03 1.0000000000e+03
144 1.4301000000e+00 1.6537173700e+03 1.0000000000e+03
145 1.4401000000e+00 1.6437173700e+03 1.0000000000e+03
146 1.4501000000e+00 1.6337173700e+03 1.0000000000e+03
147 1.4601000000e+00 1.6237173700e+03 1.0000000000e+03
148 1.4701000000e+00 1.6137173700e+03 1.0000000000e+03
149 1.4801000000e+00 1.6037173700e+03 1.0000000000e+03
150 1.4901000000e+00 1.5937173700e+03 1.0000000000e+03
151 1.5001000000e+00 1.5837173700e+03 1.0000000000e+03
152 1.5101000000e+00 1.5737173700e+03 1.0000000000e+03
153 1.5201000000e+00 1.5637173700e+03 1.0000000000e+03
154 1.5301000000e+00 1.5537173700e+03 1.0000000000e+03
155 1.5401000000e+00 1.5437173700e+03 1.0000000000e+03
156 1.5501000000e+00 1.5337173700e+03 1.0000000000e+03
157 1.5601000000e+00 1.5237173700e+03 1.0000000000e+03
158 1.5701000000e+00 1.5137173700e+03 1.0000000000e+03
159 1.5801000000e+00 1.5037173700e+03 1.0000000000e+03
160 1.5901000000e+00 1.4937173700e+03 1.0000000000e+03
161 1.6001000000e+00 1.4837173700e+03 1.0000000000e+03
162 1.6101000000e+00 1.4737173700e+03 1.0000000000e+03
163 1.6201000000e+00 1.4637173700e+03 1.0000000000e+03
164 1.6301000000e+00 1.4537173700e+03 1.0000000000e+03
165 1.6401000000e+00 1.4437173700e+03 1.0000000000e+03
166 1.6501000000e+00 1.4337173700e+03 1.0000000000e+03
167 1.6601000000e+00 1.4237173700e+03 1.0000000000e+03
168 1.6701000000e+00 1.4137173700e+03 1.0000000000e+03
169 1.6801000000e+00 1.4037173700e+03 1.0000000000e+03
170 1.6901000000e+00 1.3937173700e+03 1.0000000000e+03
171 1.7001000000e+00 1.3837173700e+03 1.0000000000e+03
172 1.7101000000e+00 1.3737173700e+03 1.0000000000e+03
173 1.7201000000e+00 1.3637173700e+03 1.0000000000e+03
174 1.7301000000e+00 1.3537173700e+03 1.0000000000e+03
175 1.7401000000e+00 1.3437173700e+03 1.0000000000e+03
176 1.7501000000e+00 1.3337173700e+03 1.0000000000e+03
177 1.7601000000e+00 1.3237173700e+03 1.0000000000e+03
178 1.7701000000e+00 1.3137173700e+03 1.0000000000e+03
179 1.7801000000e+00 1.3037173700e+03 1.0000000000e+03
180 1.7901000000e+00 1.2937173700e+03 1.0000000000e+03
181 1.8001000000e+00 1.2837173700e+03 1.0000000000e+03
182 1.8101000000e+00 1.2737173700e+03 1.0000000000e+03
183 1.8201000000e+00 1.2637173700e+03 1.0000000000e+03
184 1.8301000000e+00 1.2537173700e+03 1.0000000000e+03
185 1.8401000000e+00 1.2437173700e+03 1.0000000000e+03
186 1.8501000000e+00 1.2337173700e+03 1.0000000000e+03
187 1.8601000000e+00 1.2237173700e+03 1.0000000000e+03
188 1.8701000000e+00 1.2137173700e+03 1.0000000000e+03
189 1.8801000000e+00 1.2037173700e+03 1.0000000000e+03
190 1.8901000000e+00 1.1937173700e+03 1.0000000000e+03
191 1.9001000000e+00 1.1837173700e+03 1.0000000000e+03
192 1.9101000000e+00 1.1737173700e+03 1.0000000000e+03
193 1.9201000000e+00 1.1637173700e+03 1.0000000000e+03
194 1.9301000000e+00 1.1537173700e+03 1.0000000000e+03
195 1.9401000000e+00 1.1437173700e+03 1.0000000000e+03
196 1.9501000000e+00 1.1337173700e+03 1.0000000000e+03
197 1.9601000000e+00 1.1237173700e+03 1.0000000000e+03
198 1.9701000000e+00 1.1137173700e+03 1.0000000000e+03
199 1.9801000000e+00 1.1037173700e+03 1.0000000000e+03
200 1.9901000000e+00 1.0937173700e+03 1.0000000000e+03
201 2.0001000000e+00 1.0837173700e+03 1.0000000000e+03
202 2.0101000000e+00 1.0737173700e+03 1.0000000000e+03
203 2.0201000000e+00 1.0637173700e+03 1.0000000000e+03
204 2.0301000000e+00 1.0537173700e+03 1.0000000000e+03
205 2.0401000000e+00 1.0437173700e+03 1.0000000000e+03
206 2.0501000000e+00 1.0337173700e+03 1.0000000000e+03
207 2.0601000000e+00 1.0237173700e+03 1.0000000000e+03
208 2.0701000000e+00 1.0137173700e+03 1.0000000000e+03
209 2.0801000000e+00 1.0037173700e+03 1.0000000000e+03
210 2.0901000000e+00 9.9371737000e+02 1.0000000000e+03
211 2.1001000000e+00 9.8371737000e+02 1.0000000000e+03
212 2.1101000000e+00 9.7371737000e+02 1.0000000000e+03
213 2.1201000000e+00 9.6371737000e+02 1.0000000000e+03
214 2.1301000000e+00 9.5371737000e+02 1.0000000000e+03
215 2.1401000000e+00 9.4371737000e+02 1.0000000000e+03
216 2.1501000000e+00 9.3371737000e+02 1.0000000000e+03
217 2.1601000000e+00 9.2371737000e+02 1.0000000000e+03
218 2.1701000000e+00 9.1371737000e+02 1.0000000000e+03
219 2.1801000000e+00 9.0371737000e+02 1.0000000000e+03
220 2.1901000000e+00 8.9371737000e+02 1.0000000000e+03
221 2.2001000000e+00 8.8371737000e+02 1.0000000000e+03
222 2.2101000000e+00 8.7371737000e+02 1.0000000000e+03
223 2.2201000000e+00 8.6371737000e+02 1.0000000000e+03
224 2.2301000000e+00 8.5371737000e+02 1.0000000000e+03
225 2.2401000000e+00 8.4371737000e+02 1.0000000000e+03
226 2.2501000000e+00 8.3371737000e+02 1.0000000000e+03
227 2.2601000000e+00 8.2371737000e+02 1.0000000000e+03
228 2.2701000000e+00 8.1371737000e+02 1.0000000000e+03
229 2.2801000000e+00 8.0371737000e+02 1.0000000000e+03
230 2.2901000000e+00 7.9371737000e+02 1.0000000000e+03
231 2.3001000000e+00 7.8371737000e+02 1.0000000000e+03
232 2.3101000000e+00 7.7371737000e+02 1.0000000000e+03
233 2.3201000000e+00 7.6371737000e+02 1.0000000000e+03
234 2.3301000000e+00 7.5371737000e+02 1.0000000000e+03
235 2.3401000000e+00 7.4371737000e+02 1.0000000000e+03
236 2.3501000000e+00 7.3371737000e+02 1.0000000000e+03
237 2.3601000000e+00 7.2371737000e+02 1.0000000000e+03
238 2.3701000000e+00 7.1371737000e+02 1.0000000000e+03
239 2.3801000000e+00 7.0371737000e+02 1.0000000000e+03
240 2.3901000000e+00 6.9371737000e+02 1.0000000000e+03
241 2.4001000000e+00 6.8371737000e+02 1.0000000000e+03
242 2.4101000000e+00 6.7371737000e+02 1.0000000000e+03
243 2.4201000000e+00 6.6371737000e+02 1.0000000000e+03
244 2.4301000000e+00 6.5371737000e+02 1.0000000000e+03
245 2.4401000000e+00 6.4371737000e+02 1.0000000000e+03
246 2.4501000000e+00 6.3371737000e+02 1.0000000000e+03
247 2.4601000000e+00 6.2371737000e+02 1.0000000000e+03
248 2.4701000000e+00 6.1371737000e+02 1.0000000000e+03
249 2.4801000000e+00 6.0371737000e+02 1.0000000000e+03
250 2.4901000000e+00 5.9371737000e+02 1.0000000000e+03
251 2.5001000000e+00 5.8371737000e+02 1.0000000000e+03
252 2.5101000000e+00 5.7371737000e+02 1.0000000000e+03
253 2.5201000000e+00 5.6371737000e+02 1.0000000000e+03
254 2.5301000000e+00 5.5371737000e+02 1.0000000000e+03
255 2.5401000000e+00 5.4371737000e+02 1.0000000000e+03
256 2.5501000000e+00 5.3371737000e+02 1.0000000000e+03
257 2.5601000000e+00 5.2371737000e+02 1.0000000000e+03
258 2.5701000000e+00 5.1371737000e+02 1.0000000000e+03
259 2.5801000000e+00 5.0371737000e+02 1.0000000000e+03
260 2.5901000000e+00 4.9371737000e+02 1.0000000000e+03
261 2.6001000000e+00 4.8371737000e+02 1.0000000000e+03
262 2.6101000000e+00 4.7371737000e+02 1.0000000000e+03
263 2.6201000000e+00 4.6371737000e+02 1.0000000000e+03
264 2.6301000000e+00 4.5371737000e+02 1.0000000000e+03
265 2.6401000000e+00 4.4371737000e+02 1.0000000000e+03
266 2.6501000000e+00 4.3371737000e+02 1.0000000000e+03
267 2.6601000000e+00 4.2371737000e+02 1.0000000000e+03
268 2.6701000000e+00 4.1371737000e+02 1.0000000000e+03
269 2.6801000000e+00 4.0371737000e+02 1.0000000000e+03
270 2.6901000000e+00 3.9371737000e+02 1.0000000000e+03
271 2.7001000000e+00 3.8371737000e+02 1.0000000000e+03
272 2.7101000000e+00 3.7371737000e+02 1.0000000000e+03
273 2.7201000000e+00 3.6371737000e+02 1.0000000000e+03
274 2.7301000000e+00 3.5371737000e+02 1.0000000000e+03
275 2.7401000000e+00 3.4371737000e+02 1.0000000000e+03
276 2.7501000000e+00 3.3371737000e+02 1.0000000000e+03
277 2.7601000000e+00 3.2371737000e+02 1.0000000000e+03
278 2.7701000000e+00 3.1371737000e+02 1.0000000000e+03
279 2.7801000000e+00 3.0371737000e+02 1.0000000000e+03
280 2.7901000000e+00 2.9371737000e+02 1.0000000000e+03
281 2.8001000000e+00 2.8371737000e+02 1.0000000000e+03
282 2.8101000000e+00 2.7371737000e+02 1.0000000000e+03
283 2.8201000000e+00 2.6371737000e+02 1.0000000000e+03
284 2.8301000000e+00 2.5371737000e+02 1.0000000000e+03
285 2.8401000000e+00 2.4371737000e+02 1.0000000000e+03
286 2.8501000000e+00 2.3371737000e+02 1.0000000000e+03
287 2.8601000000e+00 2.2371737000e+02 1.0000000000e+03
288 2.8701000000e+00 2.1371737000e+02 1.0000000000e+03
289 2.8801000000e+00 2.0371737000e+02 1.0000000000e+03
290 2.8901000000e+00 1.9371737000e+02 1.0000000000e+03
291 2.9001000000e+00 1.8371737000e+02 1.0000000000e+03
292 2.9101000000e+00 1.7371737000e+02 1.0000000000e+03
293 2.9201000000e+00 1.6371737000e+02 1.0000000000e+03
294 2.9301000000e+00 1.5371737000e+02 1.0000000000e+03
295 2.9401000000e+00 1.4371737000e+02 1.0000000000e+03
296 2.9501000000e+00 1.3371737000e+02 1.0000000000e+03
297 2.9601000000e+00 1.2371737000e+02 1.0000000000e+03
298 2.9701000000e+00 1.1371737000e+02 1.0000000000e+03
299 2.9801000000e+00 1.0371737000e+02 1.0000000000e+03
300 2.9901000000e+00 9.3717370000e+01 1.0000000000e+03
301 3.0001000000e+00 8.3717370000e+01 3.3885507000e+02
302 3.0101000000e+00 8.0328819300e+01 9.8360490000e+01
303 3.0201000000e+00 7.9345214400e+01 1.7467353000e+02
304 3.0301000000e+00 7.7598479100e+01 3.5316990000e+01
305 3.0401000000e+00 7.7245309200e+01 2.8872676000e+02
306 3.0501000000e+00 7.4358041600e+01 6.5899260000e+01
307 3.0601000000e+00 7.3699049000e+01 1.9030663000e+02
308 3.0701000000e+00 7.1795982700e+01 1.3108128000e+02
309 3.0801000000e+00 7.0485169900e+01 8.8368870000e+01
310 3.0901000000e+00 6.9601481200e+01 1.7166542000e+02
311 3.1001000000e+00 6.7884827000e+01 1.7713869000e+02
312 3.1101000000e+00 6.6113440100e+01 4.6335970000e+01
313 3.1201000000e+00 6.5650080400e+01 2.1542669000e+02
314 3.1301000000e+00 6.3495813500e+01 8.5149340000e+01
315 3.1401000000e+00 6.2644320100e+01 1.7979265000e+02
316 3.1501000000e+00 6.0846393600e+01 1.3735210000e+01
317 3.1601000000e+00 6.0709041500e+01 2.8173834000e+02
318 3.1701000000e+00 5.7891658100e+01 5.3769640000e+01
319 3.1801000000e+00 5.7353961700e+01 -5.9193300000e+00
320 3.1901000000e+00 5.7413155000e+01 2.5223639000e+02
321 3.2001000000e+00 5.4890791100e+01 1.8084700000e+00
322 3.2101000000e+00 5.4872706400e+01 7.6057900000e+01
323 3.2201000000e+00 5.4112127400e+01 1.1396409000e+02
324 3.2301000000e+00 5.2972486500e+01 2.1399756000e+02
325 3.2401000000e+00 5.0832510900e+01 5.9652560000e+01
326 3.2501000000e+00 5.0235985300e+01 4.9684610000e+01
327 3.2601000000e+00 4.9739139200e+01 5.6803530000e+01
328 3.2701000000e+00 4.9171103900e+01 2.4248799000e+02
329 3.2801000000e+00 4.6746224000e+01 -3.0039600000e+01
330 3.2901000000e+00 4.7046620000e+01 1.5809898000e+02
331 3.3001000000e+00 4.5465630200e+01 1.8304380000e+01
332 3.3101000000e+00 4.5282586400e+01 1.2233589000e+02
333 3.3201000000e+00 4.4059227500e+01 1.1447929000e+02
334 3.3301000000e+00 4.2914434600e+01 3.4631260000e+01
335 3.3401000000e+00 4.2568122000e+01 1.5188763000e+02
336 3.3501000000e+00 4.1049245700e+01 8.9065370000e+01
337 3.3601000000e+00 4.0158592000e+01 2.7050200000e+01
338 3.3701000000e+00 3.9888090000e+01 1.1493037000e+02
339 3.3801000000e+00 3.8738786300e+01 -5.2752410000e+01
340 3.3901000000e+00 3.9266310400e+01 1.5479673000e+02
341 3.4001000000e+00 3.7718343100e+01 4.1920930000e+01
342 3.4101000000e+00 3.7299133800e+01 1.3480645000e+02
343 3.4201000000e+00 3.5951069300e+01 -6.7476100000e+00
344 3.4301000000e+00 3.6018545400e+01 7.1657310000e+01
345 3.4401000000e+00 3.5301972300e+01 9.9177210000e+01
346 3.4501000000e+00 3.4310200200e+01 -3.2792700000e+00
347 3.4601000000e+00 3.4342992900e+01 8.9367820000e+01
348 3.4701000000e+00 3.3449314700e+01 5.4282570000e+01
349 3.4801000000e+00 3.2906489000e+01 6.3706710000e+01
350 3.4901000000e+00 3.2269421900e+01 7.3281950000e+01
351 3.5001000000e+00 3.1536602400e+01 4.8356780000e+01
352 3.5101000000e+00 3.1053034600e+01 4.1267560000e+01
353 3.5201000000e+00 3.0640359000e+01 6.4023780000e+01
354 3.5301000000e+00 3.0000121200e+01 5.4901730000e+01
355 3.5401000000e+00 2.9451103900e+01 7.4344650000e+01
356 3.5501000000e+00 2.8707657400e+01 -2.3155930000e+01
357 3.5601000000e+00 2.8939216700e+01 4.5251130000e+01
358 3.5701000000e+00 2.8486705400e+01 7.0057130000e+01
359 3.5801000000e+00 2.7786134100e+01 1.3657986000e+02
360 3.5901000000e+00 2.6420335500e+01 -7.8073440000e+01
361 3.6001000000e+00 2.7201069900e+01 8.4093600000e+01
362 3.6101000000e+00 2.6360133900e+01 4.2945120000e+01
363 3.6201000000e+00 2.5930682700e+01 5.4793520000e+01
364 3.6301000000e+00 2.5382747500e+01 1.3554070000e+01
365 3.6401000000e+00 2.5247206800e+01 4.4672820000e+01
366 3.6501000000e+00 2.4800478600e+01 2.0350920000e+01
367 3.6601000000e+00 2.4596969400e+01 5.1152630000e+01
368 3.6701000000e+00 2.4085443100e+01 7.9916860000e+01
369 3.6801000000e+00 2.3286274500e+01 -6.4803400000e+00
370 3.6901000000e+00 2.3351077900e+01 3.6168440000e+01
371 3.7001000000e+00 2.2989393500e+01 3.1359640000e+01
372 3.7101000000e+00 2.2675797100e+01 2.3761010000e+01
373 3.7201000000e+00 2.2438187000e+01 2.0288890000e+01
374 3.7301000000e+00 2.2235298100e+01 3.5907510000e+01
375 3.7401000000e+00 2.1876223000e+01 1.8097630000e+01
376 3.7501000000e+00 2.1695246700e+01 3.2030020000e+01
377 3.7601000000e+00 2.1374946500e+01 5.5758250000e+01
378 3.7701000000e+00 2.0817364000e+01 3.3428800000e+01
379 3.7801000000e+00 2.0483076000e+01 2.9095780000e+01
380 3.7901000000e+00 2.0192118200e+01 2.6578240000e+01
381 3.8001000000e+00 1.9926335800e+01 8.0849400000e+00
382 3.8101000000e+00 1.9845486400e+01 4.3611290000e+01
383 3.8201000000e+00 1.9409373500e+01 5.6397900000e+00
384 3.8301000000e+00 1.9352975600e+01 1.2053740000e+01
385 3.8401000000e+00 1.9232438200e+01 1.3694380000e+01
386 3.8501000000e+00 1.9095494400e+01 3.4246580000e+01
387 3.8601000000e+00 1.8753028600e+01 2.2178530000e+01
388 3.8701000000e+00 1.8531243300e+01 3.9870340000e+01
389 3.8801000000e+00 1.8132539900e+01 3.5969320000e+01
390 3.8901000000e+00 1.7772846700e+01 1.2137040000e+01
391 3.9001000000e+00 1.7651476300e+01 3.3473860000e+01
392 3.9101000000e+00 1.7316737700e+01 -3.8009100000e+00
393 3.9201000000e+00 1.7354746800e+01 2.5972900000e+01
394 3.9301000000e+00 1.7095017800e+01 9.0760300000e+00
395 3.9401000000e+00 1.7004257500e+01 3.2350670000e+01
396 3.9501000000e+00 1.6680750800e+01 3.7210260000e+01
397 3.9601000000e+00 1.6308648200e+01 -9.2978600000e+00
398 3.9701000000e+00 1.6401626800e+01 6.2999190000e+01
399 3.9801000000e+00 1.5771634900e+01 1.0965045000e+01
400 3.9901000000e+00 1.5661984450e+01 3.0427270000e+01
401 4.0001000000e+00 1.5357711750e+01 2.1621725000e+01
402 4.0101000000e+00 1.5141494500e+01 3.3179110000e+01
403 4.0201000000e+00 1.4809703400e+01 3.0345080000e+01
404 4.0301000000e+00 1.4506252600e+01 2.0344835000e+01
405 4.0401000000e+00 1.4302804250e+01 2.4022975000e+01
406 4.0501000000e+00 1.4062574500e+01 1.5356635000e+01
407 4.0601000000e+00 1.3909008150e+01 2.8675100000e+01
408 4.0701000000e+00 1.3622257150e+01 9.1431050000e+00
409 4.0801000000e+00 1.3530826100e+01 2.4378500000e+01
410 4.0901000000e+00 1.3287041100e+01 3.0757105000e+01
411 4.1001000000e+00 1.2979470050e+01 2.2807315000e+01
412 4.1101000000e+00 1.2751396900e+01 2.4778260000e+01
413 4.1201000000e+00 1.2503614300e+01 4.7824535000e+01
414 4.1301000000e+00 1.2025368950e+01 4.2483470000e+01
415 4.1401000000e+00 1.1600534250e+01 3.0151925000e+01
416 4.1501000000e+00 1.1299015000e+01 2.8343830000e+01
417 4.1601000000e+00 1.1015576700e+01 3.7402300000e+01
418 4.1701000000e+00 1.0641553700e+01 3.7482835000e+01
419 4.1801000000e+00 1.0266725350e+01 1.4751825000e+01
420 4.1901000000e+00 1.0119207100e+01 3.7146200000e+01
421 4.2001000000e+00 9.7477451000e+00 1.9099790000e+01
422 4.2101000000e+00 9.5567472000e+00 2.9485255000e+01
423 4.2201000000e+00 9.2618946500e+00 1.3807955000e+01
424 4.2301000000e+00 9.1238151000e+00 2.7344830000e+01
425 4.2401000000e+00 8.8503668000e+00 1.9082720000e+01
426 4.2501000000e+00 8.6595396000e+00 2.6698875000e+01
427 4.2601000000e+00 8.3925508500e+00 1.3702594000e+01
428 4.2701000000e+00 8.2555249100e+00 1.8469850000e+01
429 4.2801000000e+00 8.0708264100e+00 1.6515599000e+01
430 4.2901000000e+00 7.9056704200e+00 1.1907980000e+00
431 4.3001000000e+00 7.8937624400e+00 3.0146647000e+01
432 4.3101000000e+00 7.5922959700e+00 9.6702690000e+00
433 4.3201000000e+00 7.4955932800e+00 1.1232868000e+01
434 4.3301000000e+00 7.3832646000e+00 1.9355213000e+01
435 4.3401000000e+00 7.1897124700e+00 4.2594440000e+00
436 4.3501000000e+00 7.1471180300e+00 1.1959677000e+01
437 4.3601000000e+00 7.0275212600e+00 1.2157932000e+01
438 4.3701000000e+00 6.9059419400e+00 1.3571214000e+01
439 4.3801000000e+00 6.7702298000e+00 4.5407000000e-01
440 4.3901000000e+00 6.7656891000e+00 1.8977103000e+01
441 4.4001000000e+00 6.5759180700e+00 2.8725160000e+00
442 4.4101000000e+00 6.5471929100e+00 1.6096212000e+01
443 4.4201000000e+00 6.3862307900e+00 2.6745000000e+00
444 4.4301000000e+00 6.3594857900e+00 1.3798624000e+01
445 4.4401000000e+00 6.2214995500e+00 6.6290590000e+00
446 4.4501000000e+00 6.1552089600e+00 1.0057500000e+01
447 4.4601000000e+00 6.0546339600e+00 8.7726870000e+00
448 4.4701000000e+00 5.9669070900e+00 1.3548873000e+01
449 4.4801000000e+00 5.8314183600e+00 1.1615122000e+01
450 4.4901000000e+00 5.7152671400e+00 7.3040820000e+00
451 4.5001000000e+00 5.6422263200e+00 1.4205013000e+01
452 4.5101000000e+00 5.5001761900e+00 5.4930110000e+00
453 4.5201000000e+00 5.4452460800e+00 7.5822640000e+00
454 4.5301000000e+00 5.3694234400e+00 7.5997870000e+00
455 4.5401000000e+00 5.2934255700e+00 4.5399020000e+00
456 4.5501000000e+00 5.2480265500e+00 1.3379515000e+01
457 4.5601000000e+00 5.1142314000e+00 1.1158790000e+01
458 4.5701000000e+00 5.0026435000e+00 9.8881700000e-01
459 4.5801000000e+00 4.9927553300e+00 1.6680389000e+01
460 4.5901000000e+00 4.8259514400e+00 4.9389520000e+00
461 4.6001000000e+00 4.7765619200e+00 8.3591810000e+00
462 4.6101000000e+00 4.6929701100e+00 8.6387530000e+00
463 4.6201000000e+00 4.6065825800e+00 4.0878280000e+00
464 4.6301000000e+00 4.5657043000e+00 8.8199370000e+00
465 4.6401000000e+00 4.4775049300e+00 7.6585300000e+00
466 4.6501000000e+00 4.4009196300e+00 3.6058050000e+00
467 4.6601000000e+00 4.3648615800e+00 7.8714480000e+00
468 4.6701000000e+00 4.2861471000e+00 7.3802000000e+00
469 4.6801000000e+00 4.2123451000e+00 1.4841500000e+00
470 4.6901000000e+00 4.1975036000e+00 4.7020920000e+00
471 4.7001000000e+00 4.1504826800e+00 7.5715170000e+00
472 4.7101000000e+00 4.0747675100e+00 6.1987600000e+00
473 4.7201000000e+00 4.0127799100e+00 2.3485340000e+00
474 4.7301000000e+00 3.9892945700e+00 4.9195940000e+00
475 4.7401000000e+00 3.9400986300e+00 5.2414160000e+00
476 4.7501000000e+00 3.8876844700e+00 8.8538980000e+00
477 4.7601000000e+00 3.7991454900e+00 3.4127810000e+00
478 4.7701000000e+00 3.7650176800e+00 7.5662430000e+00
479 4.7801000000e+00 3.6893552500e+00 6.9615360000e+00
480 4.7901000000e+00 3.6197398900e+00 1.7095820000e+00
481 4.8001000000e+00 3.6026440700e+00 6.0502960000e+00
482 4.8101000000e+00 3.5421411100e+00 5.0773550000e+00
483 4.8201000000e+00 3.4913675600e+00 6.5445200000e+00
484 4.8301000000e+00 3.4259223600e+00 4.3780270000e+00
485 4.8401000000e+00 3.3821420900e+00 3.8033840000e+00
486 4.8501000000e+00 3.3441082500e+00 5.1263470000e+00
487 4.8601000000e+00 3.2928447800e+00 5.7056590000e+00
488 4.8701000000e+00 3.2357881900e+00 2.2628590000e+00
489 4.8801000000e+00 3.2131596000e+00 6.7582710000e+00
490 4.8901000000e+00 3.1455768900e+00 6.7644490000e+00
491 4.9001000000e+00 3.0779324000e+00 4.3288860000e+00
492 4.9101000000e+00 3.0346435400e+00 4.8660990000e+00
493 4.9201000000e+00 2.9859825500e+00 2.2685600000e+00
494 4.9301000000e+00 2.9632969500e+00 4.0338150000e+00
495 4.9401000000e+00 2.9229588000e+00 4.9558150000e+00
496 4.9501000000e+00 2.8734006500e+00 2.4059570000e+00
497 4.9601000000e+00 2.8493410800e+00 3.4118150000e+00
498 4.9701000000e+00 2.8152229300e+00 6.3750840000e+00
499 4.9801000000e+00 2.7514720900e+00 2.2838660000e+00
500 4.9901000000e+00 2.7286334300e+00 -0.0000000000e+00
501 5.0001000000e+00 2.7286334300e+00 3.7820430000e+00
502 5.0101000000e+00 2.6908130000e+00 5.0223490000e+00
503 5.0201000000e+00 2.6405895100e+00 2.0458720000e+00
504 5.0301000000e+00 2.6201307900e+00 3.6955910000e+00
505 5.0401000000e+00 2.5831748800e+00 4.3341240000e+00
506 5.0501000000e+00 2.5398336400e+00 3.9644660000e+00
507 5.0601000000e+00 2.5001889800e+00 2.8384150000e+00
508 5.0701000000e+00 2.4718048300e+00 2.8408170000e+00
509 5.0801000000e+00 2.4433966600e+00 4.4887770000e+00
510 5.0901000000e+00 2.3985088900e+00 3.4994520000e+00
511 5.1001000000e+00 2.3635143700e+00 2.5968880000e+00
512 5.1101000000e+00 2.3375454900e+00 3.7519200000e+00
513 5.1201000000e+00 2.3000262900e+00 1.6112900000e+00
514 5.1301000000e+00 2.2839133900e+00 4.2971410000e+00
515 5.1401000000e+00 2.2409419800e+00 3.4721690000e+00
516 5.1501000000e+00 2.2062202900e+00 2.8295400000e+00
517 5.1601000000e+00 2.1779248900e+00 3.4634170000e+00
518 5.1701000000e+00 2.1432907200e+00 2.8683460000e+00
519 5.1801000000e+00 2.1146072600e+00 4.0397680000e+00
520 5.1901000000e+00 2.0742095800e+00 2.9863240000e+00
521 5.2001000000e+00 2.0443463400e+00 3.0427110000e+00
522 5.2101000000e+00 2.0139192300e+00 3.8316960000e+00
523 5.2201000000e+00 1.9756022700e+00 1.9625000000e+00
524 5.2301000000e+00 1.9559772700e+00 2.7885230000e+00
525 5.2401000000e+00 1.9280920400e+00 3.1535200000e+00
526 5.2501000000e+00 1.8965568400e+00 3.4254600000e+00
527 5.2601000000e+00 1.8623022400e+00 3.3048050000e+00
528 5.2701000000e+00 1.8292541900e+00 3.4140160000e+00
529 5.2801000000e+00 1.7951140300e+00 2.5763430000e+00
530 5.2901000000e+00 1.7693506000e+00 3.1614860000e+00
531 5.3001000000e+00 1.7377357400e+00 3.1194170000e+00
532 5.3101000000e+00 1.7065415700e+00 2.7318450000e+00
533 5.3201000000e+00 1.6792231200e+00 3.8595030000e+00
534 5.3301000000e+00 1.6406280900e+00 2.4421360000e+00
535 5.3401000000e+00 1.6162067300e+00 2.6036720000e+00
536 5.3501000000e+00 1.5901700100e+00 4.4213720000e+00
537 5.3601000000e+00 1.5459562900e+00 2.1689140000e+00
538 5.3701000000e+00 1.5242671500e+00 2.7043150000e+00
539 5.3801000000e+00 1.4972240000e+00 2.9646970000e+00
540 5.3901000000e+00 1.4675770300e+00 3.4075680000e+00
541 5.4001000000e+00 1.4335013500e+00 2.5842830000e+00
542 5.4101000000e+00 1.4076585200e+00 2.5114510000e+00
543 5.4201000000e+00 1.3825440100e+00 3.0911550000e+00
544 5.4301000000e+00 1.3516324600e+00 2.6279210000e+00
545 5.4401000000e+00 1.3253532500e+00 2.5465080000e+00
546 5.4501000000e+00 1.2998881700e+00 3.1788840000e+00
547 5.4601000000e+00 1.2680993300e+00 2.1964630000e+00
548 5.4701000000e+00 1.2461347000e+00 3.0230350000e+00
549 5.4801000000e+00 1.2159043500e+00 2.1792540000e+00
550 5.4901000000e+00 1.1941118100e+00 3.4091070000e+00
551 5.5001000000e+00 1.1600207400e+00 2.2416950000e+00
552 5.5101000000e+00 1.1376037900e+00 2.1878750000e+00
553 5.5201000000e+00 1.1157250400e+00 2.9457000000e+00
554 5.5301000000e+00 1.0862680400e+00 2.8886137000e+00
555 5.5401000000e+00 1.0573819030e+00 2.6194559000e+00
556 5.5501000000e+00 1.0311873440e+00 2.8589024000e+00
557 5.5601000000e+00 1.0025983200e+00 2.2104229000e+00
558 5.5701000000e+00 9.8049409100e-01 1.5249284000e+00
559 5.5801000000e+00 9.6524480700e-01 3.4632648000e+00
560 5.5901000000e+00 9.3061215900e-01 2.1022776000e+00
561 5.6001000000e+00 9.0958938300e-01 2.6012104000e+00
562 5.6101000000e+00 8.8357727900e-01 2.5119100000e+00
563 5.6201000000e+00 8.5845817900e-01 2.4339793000e+00
564 5.6301000000e+00 8.3411838600e-01 1.7506666000e+00
565 5.6401000000e+00 8.1661172000e-01 3.1725295000e+00
566 5.6501000000e+00 7.8488642500e-01 1.8039903000e+00
567 5.6601000000e+00 7.6684652200e-01 2.2826994000e+00
568 5.6701000000e+00 7.4401952800e-01 2.8183380000e+00
569 5.6801000000e+00 7.1583614800e-01 2.7939413000e+00
570 5.6901000000e+00 6.8789673500e-01 2.1829991000e+00
571 5.7001000000e+00 6.6606674400e-01 1.6755759000e+00
572 5.7101000000e+00 6.4931098500e-01 2.6916958000e+00
573 5.7201000000e+00 6.2239402700e-01 1.9186240000e+00
574 5.7301000000e+00 6.0320778700e-01 2.4077148000e+00
575 5.7401000000e+00 5.7913063900e-01 2.5291275000e+00
576 5.7501000000e+00 5.5383936400e-01 2.4247938000e+00
577 5.7601000000e+00 5.2959142600e-01 1.5458456000e+00
578 5.7701000000e+00 5.1413297000e-01 2.2720771000e+00
579 5.7801000000e+00 4.9141219900e-01 2.4550780000e+00
580 5.7901000000e+00 4.6686141900e-01 1.7102419000e+00
581 5.8001000000e+00 4.4975900000e-01 2.4341888000e+00
582 5.8101000000e+00 4.2541711200e-01 2.3639096000e+00
583 5.8201000000e+00 4.0177801600e-01 1.1623412000e+00
584 5.8301000000e+00 3.9015460400e-01 2.6027732000e+00
585 5.8401000000e+00 3.6412687200e-01 2.1274397000e+00
586 5.8501000000e+00 3.4285247500e-01 2.0918764000e+00
587 5.8601000000e+00 3.2193371100e-01 2.1852382000e+00
588 5.8701000000e+00 3.0008132900e-01 2.1177226000e+00
589 5.8801000000e+00 2.7890410300e-01 1.7127819000e+00
590 5.8901000000e+00 2.6177628400e-01 1.8391216000e+00
591 5.9001000000e+00 2.4338506800e-01 2.1721073000e+00
592 5.9101000000e+00 2.2166399500e-01 2.5010382400e+00
593 5.9201000000e+00 1.9665361260e-01 1.9254043200e+00
594 5.9301000000e+00 1.7739956940e-01 1.5856374400e+00
595 5.9401000000e+00 1.6154319500e-01 1.8167406500e+00
596 5.9501000000e+00 1.4337578850e-01 1.8085954100e+00
597 5.9601000000e+00 1.2528983440e-01 2.0046538000e+00
598 5.9701000000e+00 1.0524329640e-01 1.9494204100e+00
599 5.9801000000e+00 8.5749092300e-02 2.1924821600e+00
600 5.9901000000e+00 6.3824270700e-02 1.9642061030e+00
601 6.0001000000e+00 4.4182209670e-02 1.7304887870e+00
602 6.0101000000e+00 2.6877321800e-02 2.2305530700e+00
603 6.0201000000e+00 4.5717911000e-03 2.0490126300e+00
604 6.0301000000e+00 -1.5918335200e-02 1.7662461200e+00
605 6.0401000000e+00 -3.3580796400e-02 1.1203637400e+00
606 6.0501000000e+00 -4.4784433800e-02 2.3651216320e+00
607 6.0601000000e+00 -6.8435650120e-02 1.9591338200e+00
608 6.0701000000e+00 -8.8026988320e-02 1.5952018480e+00
609 6.0801000000e+00 -1.0397900680e-01 1.8272553900e+00
610 6.0901000000e+00 -1.2225156070e-01 1.3394163700e+00
611 6.1001000000e+00 -1.3564572440e-01 1.7976088100e+00
612 6.1101000000e+00 -1.5362181250e-01 2.1672861500e+00
613 6.1201000000e+00 -1.7529467400e-01 2.2050671500e+00
614 6.1301000000e+00 -1.9734534550e-01 8.1488825000e-01
615 6.1401000000e+00 -2.0549422800e-01 2.2010109000e+00
616 6.1501000000e+00 -2.2750433700e-01 1.8295916000e+00
617 6.1601000000e+00 -2.4580025300e-01 1.2426825000e+00
618 6.1701000000e+00 -2.5822707800e-01 1.9923539000e+00
619 6.1801000000e+00 -2.7815061700e-01 1.5723690000e+00
620 6.1901000000e+00 -2.9387430700e-01 1.7310066000e+00
621 6.2001000000e+00 -3.1118437300e-01 1.5479955000e+00
622 6.2101000000e+00 -3.2666432800e-01 1.2431886000e+00
623 6.2201000000e+00 -3.3909621400e-01 1.6231863000e+00
624 6.2301000000e+00 -3.5532807700e-01 1.7660353000e+00
625 6.2401000000e+00 -3.7298843000e-01 1.9175167000e+00
626 6.2501000000e+00 -3.9216359700e-01 9.7170750000e-01
627 6.2601000000e+00 -4.0188067200e-01 1.3250066000e+00
628 6.2701000000e+00 -4.1513073800e-01 1.9344839000e+00
629 6.2801000000e+00 -4.3447557700e-01 1.0354491000e+00
630 6.2901000000e+00 -4.4483006800e-01 1.8686858000e+00
631 6.3001000000e+00 -4.6351692600e-01 1.1953131000e+00
632 6.3101000000e+00 -4.7547005700e-01 1.1416706000e+00
633 6.3201000000e+00 -4.8688676300e-01 1.9879733000e+00
634 6.3301000000e+00 -5.0676649600e-01 1.4148851000e+00
635 6.3401000000e+00 -5.2091534700e-01 1.3597266000e+00
636 6.3501000000e+00 -5.3451261300e-01 9.7921110000e-01
637 6.3601000000e+00 -5.4430472400e-01 2.0738149000e+00
638 6.3701000000e+00 -5.6504287300e-01 1.0880004000e+00
639 6.3801000000e+00 -5.7592287700e-01 1.2138422000e+00
640 6.3901000000e+00 -5.8806129900e-01 1.7167804000e+00
641 6.4001000000e+00 -6.0522910300e-01 1.7939300000e+00
642 6.4101000000e+00 -6.2316840300e-01 1.4898930000e-01
643 6.4201000000e+00 -6.2465829600e-01 1.9579452000e+00
644 6.4301000000e+00 -6.4423774800e-01 1.8012368000e+00
645 6.4401000000e+00 -6.6225011600e-01 5.4830380000e-01
646 6.4501000000e+00 -6.6773315400e-01 1.3335267000e+00
647 6.4601000000e+00 -6.8106842100e-01 1.3206144000e+00
648 6.4701000000e+00 -6.9427456500e-01 1.1465077000e+00
649 6.4801000000e+00 -7.0573964200e-01 4.3624130000e-01
650 6.4901000000e+00 -7.1010205500e-01 1.8274324000e+00
651 6.5001000000e+00 -7.2837637900e-01 1.3944110000e+00
652 6.5101000000e+00 -7.4232048900e-01 1.4049710000e+00
653 6.5201000000e+00 -7.5637019900e-01 9.1726840000e-01
654 6.5301000000e+00 -7.6554288300e-01 1.1422144000e+00
655 6.5401000000e+00 -7.7696502700e-01 1.4135846000e+00
656 6.5501000000e+00 -7.9110087300e-01 3.8929110000e-01
657 6.5601000000e+00 -7.9499378400e-01 1.9885823000e+00
658 6.5701000000e+00 -8.1487960700e-01 9.0196430000e-01
659 6.5801000000e+00 -8.2389925000e-01 9.2913490000e-01
660 6.5901000000e+00 -8.3319059900e-01 1.0539629000e+00
661 6.6001000000e+00 -8.4373022800e-01 1.1900158000e+00
662 6.6101000000e+00 -8.5563038600e-01 1.4329007000e+00
663 6.6201000000e+00 -8.6995939300e-01 6.8067700000e-02
664 6.6301000000e+00 -8.7064007000e-01 1.7502637000e+00
665 6.6401000000e+00 -8.8814270700e-01 7.2622900000e-01
666 6.6501000000e+00 -8.9540499700e-01 1.2748543000e+00
667 6.6601000000e+00 -9.0815354000e-01 8.7821340000e-01
668 6.6701000000e+00 -9.1693567400e-01 1.1250849000e+00
669 6.6801000000e+00 -9.2818652300e-01 1.2420651000e+00
670 6.6901000000e+00 -9.4060717400e-01 3.3523170000e-01
671 6.7001000000e+00 -9.4395949100e-01 1.3321725000e+00
672 6.7101000000e+00 -9.5728121600e-01 9.5244100000e-01
673 6.7201000000e+00 -9.6680562600e-01 1.9508538000e+00
674 6.7301000000e+00 -9.8631416400e-01 3.7537970000e-01
675 6.7401000000e+00 -9.9006796100e-01 5.2276910000e-01
676 6.7501000000e+00 -9.9529565200e-01 1.3639225000e+00
677 6.7601000000e+00 -1.0089348770e+00 1.9259550000e-01
678 6.7701000000e+00 -1.0108608320e+00 1.3986884000e+00
679 6.7801000000e+00 -1.0248477160e+00 6.5956140000e-01
680 6.7901000000e+00 -1.0314433300e+00 6.8530140000e-01
681 6.8001000000e+00 -1.0382963440e+00 5.2306660000e-01
682 6.8101000000e+00 -1.0435270100e+00 9.3418500000e-01
683 6.8201000000e+00 -1.0528688600e+00 6.4043840000e-01
684 6.8301000000e+00 -1.0592732440e+00 1.0996309000e+00
685 6.8401000000e+00 -1.0702695530e+00 5.3022070000e-01
686 6.8501000000e+00 -1.0755717600e+00 1.3861440000e+00
687 6.8601000000e+00 -1.0894332000e+00 9.4431200000e-01
688 6.8701000000e+00 -1.0988763200e+00 2.6399300000e-01
689 6.8801000000e+00 -1.1015162500e+00 1.1643390000e+00
690 6.8901000000e+00 -1.1131596400e+00 4.1487100000e-01
691 6.9001000000e+00 -1.1173083500e+00 8.1338500000e-01
692 6.9101000000e+00 -1.1254422000e+00 9.2718600000e-01
693 6.9201000000e+00 -1.1347140600e+00 8.1498100000e-01
694 6.9301000000e+00 -1.1428638700e+00 1.2663600000e-01
695 6.9401000000e+00 -1.1441302300e+00 6.8049500000e-01
696 6.9501000000e+00 -1.1509351800e+00 6.7090100000e-01
697 6.9601000000e+00 -1.1576441900e+00 4.6005500000e-01
698 6.9701000000e+00 -1.1622447400e+00 9.4737400000e-01
699 6.9801000000e+00 -1.1717184800e+00 6.0033100000e-01
700 6.9901000000e+00 -1.1777217900e+00 4.9347400000e-01
701 7.0001000000e+00 -1.1826565300e+00 7.3443700000e-01
702 7.0101000000e+00 -1.1900009000e+00 7.9607400000e-01
703 7.0201000000e+00 -1.1979616400e+00 2.0501200000e-01
704 7.0301000000e+00 -1.2000117600e+00 2.7782400000e-01
705 7.0401000000e+00 -1.2027900000e+00 6.6902400000e-01
706 7.0501000000e+00 -1.2094802400e+00 8.2674000000e-01
707 7.0601000000e+00 -1.2177476400e+00 1.0256200000e-01
708 7.0701000000e+00 -1.2187732600e+00 7.5898600000e-01
709 7.0801000000e+00 -1.2263631200e+00 5.8312000000e-01
710 7.0901000000e+00 -1.2321943200e+00 6.5289800000e-01
711 7.1001000000e+00 -1.2387233000e+00 7.4314300000e-01
712 7.1101000000e+00 -1.2461547300e+00 4.0073600000e-01
713 7.1201000000e+00 -1.2501620900e+00 -1.9559600000e-01
714 7.1301000000e+00 -1.2482061300e+00 5.1670600000e-01
715 7.1401000000e+00 -1.2533731900e+00 2.3968600000e-01
716 7.1501000000e+00 -1.2557700500e+00 3.8805400000e-01
717 7.1601000000e+00 -1.2596505900e+00 2.7918700000e-01
718 7.1701000000e+00 -1.2624424600e+00 9.5104900000e-01
719 7.1801000000e+00 -1.2719529500e+00 3.7281500000e-01
720 7.1901000000e+00 -1.2756811000e+00 4.1267000000e-01
721 7.2001000000e+00 -1.2798078000e+00 -1.7330500000e-01
722 7.2101000000e+00 -1.2780747500e+00 1.3257400000e-01
723 7.2201000000e+00 -1.2794004900e+00 2.6293800000e-01
724 7.2301000000e+00 -1.2820298700e+00 9.4912200000e-01
725 7.2401000000e+00 -1.2915210900e+00 9.7059100000e-01
726 7.2501000000e+00 -1.3012270000e+00 -7.5892500000e-01
727 7.2601000000e+00 -1.2936377500e+00 3.3044200000e-01
728 7.2701000000e+00 -1.2969421700e+00 5.6424400000e-01
729 7.2801000000e+00 -1.3025846100e+00 -1.8208100000e-01
730 7.2901000000e+00 -1.3007638000e+00 2.2377700000e-01
731 7.3001000000e+00 -1.3030015700e+00 -3.8343400000e-01
732 7.3101000000e+00 -1.2991672300e+00 1.1777350000e+00
733 7.3201000000e+00 -1.3109445800e+00 -4.0621800000e-01
734 7.3301000000e+00 -1.3068824000e+00 7.1877600000e-01
735 7.3401000000e+00 -1.3140701600e+00 2.3707100000e-01
736 7.3501000000e+00 -1.3164408700e+00 -2.1269000000e-02
737 7.3601000000e+00 -1.3162281800e+00 3.8656400000e-01
738 7.3701000000e+00 -1.3200938200e+00 -5.1974000000e-02
739 7.3801000000e+00 -1.3195740800e+00 -3.5855200000e-01
740 7.3901000000e+00 -1.3159885600e+00 2.8847000000e-01
741 7.4001000000e+00 -1.3188732600e+00 5.4460900000e-01
742 7.4101000000e+00 -1.3243193500e+00 3.0549000000e-02
743 7.4201000000e+00 -1.3246248400e+00 -2.0782000000e-02
744 7.4301000000e+00 -1.3244170200e+00 -1.5036300000e-01
745 7.4401000000e+00 -1.3229133900e+00 3.6159000000e-01
746 7.4501000000e+00 -1.3265292900e+00 1.8645700000e-01
747 7.4601000000e+00 -1.3283938600e+00 -5.0395800000e-01
748 7.4701000000e+00 -1.3233542800e+00 3.2825900000e-01
749 7.4801000000e+00 -1.3266368700e+00 -3.0673800000e-01
750 7.4901000000e+00 -1.3235694900e+00 -3.9226900000e-01
751 7.5001000000e+00 -1.3196468000e+00 8.4236000000e-02
752 7.5101000000e+00 -1.3204891600e+00 4.5182000000e-01
753 7.5201000000e+00 -1.3250073600e+00 -1.8269900000e-01
754 7.5301000000e+00 -1.3231803700e+00 7.8990900000e-01
755 7.5401000000e+00 -1.3310794600e+00 -8.4413500000e-01
756 7.5501000000e+00 -1.3226381100e+00 -8.6938000000e-02
757 7.5601000000e+00 -1.3217687300e+00 -3.7237000000e-02
758 7.5701000000e+00 -1.3213963600e+00 -2.5743000000e-02
759 7.5801000000e+00 -1.3211389300e+00 1.4230000000e-03
760 7.5901000000e+00 -1.3211531600e+00 -1.2615160000e+00
761 7.6001000000e+00 -1.3085380000e+00 7.9987800000e-01
762 7.6101000000e+00 -1.3165367800e+00 1.7755100000e-01
763 7.6201000000e+00 -1.3183122900e+00 -6.7283000000e-01
764 7.6301000000e+00 -1.3115839900e+00 -3.8089500000e-01
765 7.6401000000e+00 -1.3077750400e+00 5.1546000000e-02
766 7.6501000000e+00 -1.3082905000e+00 -1.1092900000e-01
767 7.6601000000e+00 -1.3071812100e+00 -2.1254000000e-02
768 7.6701000000e+00 -1.3069686700e+00 -2.8523400000e-01
769 7.6801000000e+00 -1.3041163300e+00 -5.1981400000e-01
770 7.6901000000e+00 -1.2989181900e+00 -1.1422800000e-01
771 7.7001000000e+00 -1.2977759100e+00 -1.8995700000e-01
772 7.7101000000e+00 -1.2958763400e+00 3.0823000000e-02
773 7.7201000000e+00 -1.2961845700e+00 -1.1596900000e-01
774 7.7301000000e+00 -1.2950248800e+00 -9.3502800000e-01
775 7.7401000000e+00 -1.2856746000e+00 -3.3912400000e-01
776 7.7501000000e+00 -1.2822833600e+00 -3.4404400000e-01
777 7.7601000000e+00 -1.2788429200e+00 5.3919000000e-02
778 7.7701000000e+00 -1.2793821100e+00 -1.0633240000e+00
779 7.7801000000e+00 -1.2687488700e+00 -3.5372800000e-01
780 7.7901000000e+00 -1.2652115900e+00 2.2942200000e-01
781 7.8001000000e+00 -1.2675058100e+00 -1.0053510000e+00
782 7.8101000000e+00 -1.2574523000e+00 1.0628800000e-01
783 7.8201000000e+00 -1.2585151800e+00 -7.8453000000e-01
784 7.8301000000e+00 -1.2506698800e+00 -1.9808500000e-01
785 7.8401000000e+00 -1.2486890300e+00 -6.7154300000e-01
786 7.8501000000e+00 -1.2419736000e+00 -6.2922000000e-02
787 7.8601000000e+00 -1.2413443800e+00 -2.8374600000e-01
788 7.8701000000e+00 -1.2385069200e+00 -9.8129000000e-01
789 7.8801000000e+00 -1.2286940200e+00 -1.9351300000e-01
790 7.8901000000e+00 -1.2267588900e+00 -8.0346000000e-02
791 7.9001000000e+00 -1.2259554300e+00 -1.0211140000e+00
792 7.9101000000e+00 -1.2157442900e+00 -7.3503000000e-02
793 7.9201000000e+00 -1.2150092600e+00 -7.5322600000e-01
794 7.9301000000e+00 -1.2074770000e+00 -1.1852000000e-02
795 7.9401000000e+00 -1.2073584800e+00 -1.2673870000e+00
796 7.9501000000e+00 -1.1946846100e+00 -6.8454000000e-02
797 7.9601000000e+00 -1.1940000700e+00 -5.7029300000e-01
798 7.9701000000e+00 -1.1882971400e+00 3.1733900000e-01
799 7.9801000000e+00 -1.1914705300e+00 -1.3004260000e+00
800 7.9901000000e+00 -1.1784662700e+00 1.4964600000e-01
801 8.0001000000e+00 -1.1799627300e+00 -1.2297830000e+00
802 8.0101000000e+00 -1.1676649000e+00 -4.6104900000e-01
803 8.0201000000e+00 -1.1630544100e+00 -2.7662800000e-01
804 8.0301000000e+00 -1.1602881300e+00 -1.1757610000e+00
805 8.0401000000e+00 -1.1485305200e+00 5.3385300000e-01
806 8.0501000000e+00 -1.1538690500e+00 -5.7773700000e-01
807 8.0601000000e+00 -1.1480916800e+00 -9.8180700000e-01
808 8.0701000000e+00 -1.1382736100e+00 9.4830000000e-03
809 8.0801000000e+00 -1.1383684400e+00 -5.8549000000e-01
810 8.0901000000e+00 -1.1325135400e+00 -6.3920100000e-01
811 8.1001000000e+00 -1.1261215300e+00 -1.4385210000e+00
812 8.1101000000e+00 -1.1117363200e+00 -5.4651400000e-01
813 8.1201000000e+00 -1.1062711800e+00 -3.8759900000e-01
814 8.1301000000e+00 -1.1023951900e+00 -3.4186200000e-01
815 8.1401000000e+00 -1.0989765700e+00 -3.2679200000e-01
816 8.1501000000e+00 -1.0957086500e+00 -1.6413000000e-01
817 8.1601000000e+00 -1.0940673500e+00 -9.6834400000e-01
818 8.1701000000e+00 -1.0843839100e+00 -1.3896100000e-01
819 8.1801000000e+00 -1.0829943000e+00 -1.1188940000e+00
820 8.1901000000e+00 -1.0718053600e+00 -2.8989100000e-01
821 8.2001000000e+00 -1.0689064500e+00 -2.6150800000e-01
822 8.2101000000e+00 -1.0662913700e+00 -8.6302800000e-01
823 8.2201000000e+00 -1.0576610900e+00 2.4345400000e-01
824 8.2301000000e+00 -1.0600956300e+00 -1.3011460000e+00
825 8.2401000000e+00 -1.0470841700e+00 -2.3233430000e-01
826 8.2501000000e+00 -1.0447608270e+00 -8.9930270000e-01
827 8.2601000000e+00 -1.0357678000e+00 -2.6360020000e-01
828 8.2701000000e+00 -1.0331317980e+00 -1.8518930000e-01
829 8.2801000000e+00 -1.0312799050e+00 -8.5452500000e-01
830 8.2901000000e+00 -1.0227346550e+00 -3.6898850000e-01
831 8.3001000000e+00 -1.0190447700e+00 -3.0386070000e-01
832 8.3101000000e+00 -1.0160061630e+00 -1.0147953000e+00
833 8.3201000000e+00 -1.0058582100e+00 -5.0537060000e-01
834 8.3301000000e+00 -1.0008045040e+00 -2.2783920000e-01
835 8.3401000000e+00 -9.9852611200e-01 -1.8819360000e-01
836 8.3501000000e+00 -9.9664417600e-01 -5.9028730000e-01
837 8.3601000000e+00 -9.9074130300e-01 -7.7397460000e-01
838 8.3701000000e+00 -9.8300155700e-01 -6.4448700000e-02
839 8.3801000000e+00 -9.8235707000e-01 -4.8686140000e-01
840 8.3901000000e+00 -9.7748845600e-01 -5.7769060000e-01
841 8.4001000000e+00 -9.7171155000e-01 -4.6047200000e-02
842 8.4101000000e+00 -9.7125107800e-01 -1.4108287000e+00
843 8.4201000000e+00 -9.5714279100e-01 3.8691690000e-01
844 8.4301000000e+00 -9.6101196000e-01 -1.0233840000e-01
845 8.4401000000e+00 -9.5998857600e-01 -8.2760600000e-01
846 8.4501000000e+00 -9.5171251600e-01 -3.5232140000e-01
847 8.4601000000e+00 -9.4818930200e-01 -1.6122900000e-02
848 8.4701000000e+00 -9.4802807300e-01 -2.9090530000e-01
849 8.4801000000e+00 -9.4511902000e-01 -5.4269620000e-01
850 8.4901000000e+00 -9.3969205800e-01 -2.8962270000e-01
851 8.5001000000e+00 -9.3679583100e-01 -3.6759620000e-01
852 8.5101000000e+00 -9.3311986900e-01 -4.8072800000e-01
853 8.5201000000e+00 -9.2831258900e-01 -2.0939910000e-01
854 8.5301000000e+00 -9.2621859800e-01 -7.5962470000e-01
855 8.5401000000e+00 -9.1862235100e-01 1.9967680000e-01
856 8.5501000000e+00 -9.2061911900e-01 -8.9321380000e-01
857 8.5601000000e+00 -9.1168698100e-01 -3.8838900000e-01
858 8.5701000000e+00 -9.0780309100e-01 -4.9744340000e-01
859 8.5801000000e+00 -9.0282865700e-01 2.0610840000e-01
860 8.5901000000e+00 -9.0488974100e-01 -3.4376500000e-01
861 8.6001000000e+00 -9.0145209100e-01 -3.0788600000e-01
862 8.6101000000e+00 -8.9837323100e-01 -3.3166640000e-01
863 8.6201000000e+00 -8.9505656700e-01 1.1396160000e-01
864 8.6301000000e+00 -8.9619618300e-01 -3.2276010000e-01
865 8.6401000000e+00 -8.9296858200e-01 -1.0012077000e+00
866 8.6501000000e+00 -8.8295650500e-01 -2.7358590000e-01
867 8.6601000000e+00 -8.8022064600e-01 -2.3889000000e-03
868 8.6701000000e+00 -8.8019675700e-01 -9.4285700000e-02
869 8.6801000000e+00 -8.7925390000e-01 -3.3616310000e-01
870 8.6901000000e+00 -8.7589226900e-01 2.2873000000e-03
871 8.7001000000e+00 -8.7591514200e-01 -5.4713760000e-01
872 8.7101000000e+00 -8.7044376600e-01 -6.3252600000e-02
873 8.7201000000e+00 -8.6981124000e-01 -1.1448260000e-01
874 8.7301000000e+00 -8.6866641400e-01 -3.9751660000e-01
875 8.7401000000e+00 -8.6469124800e-01 -4.9352920000e-01
876 8.7501000000e+00 -8.5975595600e-01 2.2316980000e-01
877 8.7601000000e+00 -8.6198765400e-01 -1.6024580000e-01
878 8.7701000000e+00 -8.6038519600e-01 -5.4627370000e-01
879 8.7801000000e+00 -8.5492245900e-01 -2.4236350000e-01
880 8.7901000000e+00 -8.5249882400e-01 -1.4934280000e-01
881 8.8001000000e+00 -8.5100539600e-01 9.1185000000e-02
882 8.8101000000e+00 -8.5191724600e-01 -6.6755700000e-02
883 8.8201000000e+00 -8.5124968900e-01 -4.0344600000e-01
884 8.8301000000e+00 -8.4721522900e-01 -2.0196000000e-02
885 8.8401000000e+00 -8.4701326900e-01 -1.1892020000e-01
886 8.8501000000e+00 -8.4582406700e-01 -2.3334770000e-01
887 8.8601000000e+00 -8.4349059000e-01 -4.3316880000e-01
888 8.8701000000e+00 -8.3915890200e-01 2.1784830000e-01
889 8.8801000000e+00 -8.4133738500e-01 -1.1307640000e-01
890 8.8901000000e+00 -8.4020662100e-01 -4.3086030000e-01
891 8.9001000000e+00 -8.3589801800e-01 -4.5692300000e-02
892 8.9101000000e+00 -8.3544109500e-01 -2.2424450000e-01
893 8.9201000000e+00 -8.3319865000e-01 -5.2416020000e-01
894 8.9301000000e+00 -8.2795704800e-01 7.9913090000e-01
895 8.9401000000e+00 -8.3594835700e-01 -3.6369890000e-01
896 8.9501000000e+00 -8.3231136800e-01 -6.3206750000e-01
897 8.9601000000e+00 -8.2599069300e-01 1.8540520000e-01
898 8.9701000000e+00 -8.2784474500e-01 -3.7982210000e-01
899 8.9801000000e+00 -8.2404652400e-01 5.9842350000e-01
900 8.9901000000e+00 -8.3003075900e-01 -8.5063990000e-01
901 9.0001000000e+00 -8.2152436000e-01 3.2784120000e-01
902 9.0101000000e+00 -8.2480277200e-01 -2.6883650000e-01
903 9.0201000000e+00 -8.2211440700e-01 -2.9126010000e-01
904 9.0301000000e+00 -8.1920180600e-01 2.8397050000e-01
905 9.0401000000e+00 -8.2204151100e-01 -6.4390650000e-01
906 9.0501000000e+00 -8.1560244600e-01 4.8160300000e-01
907 9.0601000000e+00 -8.2041847600e-01 -6.6750150000e-01
908 9.0701000000e+00 -8.1374346100e-01 1.1648220000e-01
909 9.0801000000e+00 -8.1490828300e-01 -1.0562030000e-01
910 9.0901000000e+00 -8.1385208000e-01 3.5565450000e-01
911 9.1001000000e+00 -8.1740862500e-01 -6.3132110000e-01
912 9.1101000000e+00 -8.1109541400e-01 -2.2573240000e-01
913 9.1201000000e+00 -8.0883809000e-01 1.2903670000e-01
914 9.1301000000e+00 -8.1012845700e-01 1.0813820000e-01
915 9.1401000000e+00 -8.1120983900e-01 2.6304800000e-02
916 9.1501000000e+00 -8.1147288700e-01 -2.3412050000e-01
917 9.1601000000e+00 -8.0913168200e-01 -6.2836670000e-01
918 9.1701000000e+00 -8.0284801500e-01 4.7571380000e-01
919 9.1801000000e+00 -8.0760515300e-01 3.3435510000e-01
920 9.1901000000e+00 -8.1094870400e-01 -6.4181040000e-01
921 9.2001000000e+00 -8.0453060000e-01 4.9641500000e-02
922 9.2101000000e+00 -8.0502701500e-01 -1.5355100000e-01
923 9.2201000000e+00 -8.0349150500e-01 -2.5912210000e-01
924 9.2301000000e+00 -8.0090028400e-01 3.6348700000e-02
925 9.2401000000e+00 -8.0126377100e-01 2.0579220000e-01
926 9.2501000000e+00 -8.0332169300e-01 -1.0470133000e+00
927 9.2601000000e+00 -7.9285156000e-01 -2.5990100000e-02
928 9.2701000000e+00 -7.9259165900e-01 2.1364570000e-01
929 9.2801000000e+00 -7.9472811600e-01 2.9949560000e-01
930 9.2901000000e+00 -7.9772307200e-01 -2.0362810000e-01
931 9.3001000000e+00 -7.9568679100e-01 5.3181000000e-03
932 9.3101000000e+00 -7.9573997200e-01 -3.2367770000e-01
933 9.3201000000e+00 -7.9250319500e-01 8.4381400000e-02
934 9.3301000000e+00 -7.9334700900e-01 -3.0764600000e-01
935 9.3401000000e+00 -7.9027054900e-01 -1.1967280000e-01
936 9.3501000000e+00 -7.8907382100e-01 -1.2287526000e+00
937 9.3601000000e+00 -7.7678629500e-01 7.3352560000e-01
938 9.3701000000e+00 -7.8412155100e-01 2.6591100000e-02
939 9.3801000000e+00 -7.8438746200e-01 2.9163190000e-01
940 9.3901000000e+00 -7.8730378100e-01 -9.0470030000e-01
941 9.4001000000e+00 -7.7825677800e-01 2.4014970000e-01
942 9.4101000000e+00 -7.8065827500e-01 -1.6132300000e-02
943 9.4201000000e+00 -7.8049695200e-01 8.3277500000e-02
944 9.4301000000e+00 -7.8132972700e-01 -2.2018070000e-01
945 9.4401000000e+00 -7.7912792000e-01 -2.4379320000e-01
946 9.4501000000e+00 -7.7668998800e-01 -1.4504760000e-01
947 9.4601000000e+00 -7.7523951200e-01 -4.4417970000e-01
948 9.4701000000e+00 -7.7079771500e-01 1.1434790000e-01
949 9.4801000000e+00 -7.7194119400e-01 -7.0266380000e-01
950 9.4901000000e+00 -7.6491455600e-01 4.7778110000e-01
951 9.5001000000e+00 -7.6969236700e-01 -3.5071750000e-01
952 9.5101000000e+00 -7.6618519200e-01 -3.5743100000e-02
953 9.5201000000e+00 -7.6582776100e-01 -1.2075140000e-01
954 9.5301000000e+00 -7.6462024700e-01 3.3335360000e-01
955 9.5401000000e+00 -7.6795378300e-01 -9.4223120000e-01
956 9.5501000000e+00 -7.5853147100e-01 6.5030080000e-01
957 9.5601000000e+00 -7.6503447900e-01 -3.9015110000e-01
958 9.5701000000e+00 -7.6113296800e-01 -2.9438220000e-01
959 9.5801000000e+00 -7.5818914600e-01 -3.5397400000e-02
960 9.5901000000e+00 -7.5783517200e-01 -7.2263660000e-01
961 9.6001000000e+00 -7.5060880600e-01 -1.6689500000e-01
962 9.6101000000e+00 -7.4893985600e-01 -2.0266650000e-01
963 9.6201000000e+00 -7.4691319100e-01 1.2314460000e-01
964 9.6301000000e+00 -7.4814463700e-01 -1.6127900000e-02
965 9.6401000000e+00 -7.4798335800e-01 -4.5016730000e-01
966 9.6501000000e+00 -7.4348168500e-01 -1.7334170000e-01
967 9.6601000000e+00 -7.4174826800e-01 -2.9521170000e-01
968 9.6701000000e+00 -7.3879615100e-01 -1.2496490000e-01
969 9.6801000000e+00 -7.3754650200e-01 -6.4387000000e-01
970 9.6901000000e+00 -7.3110780200e-01 3.3869770000e-01
971 9.7001000000e+00 -7.3449477900e-01 -2.3617960000e-01
972 9.7101000000e+00 -7.3213298300e-01 -8.5357700000e-02
973 9.7201000000e+00 -7.3127940600e-01 -2.6101140000e-01
974 9.7301000000e+00 -7.2866929200e-01 -5.1986000000e-02
975 9.7401000000e+00 -7.2814943200e-01 -1.4222910000e+00
976 9.7501000000e+00 -7.1392652200e-01 5.5774860000e-01
977 9.7601000000e+00 -7.1950400800e-01 -4.0603530000e-01
978 9.7701000000e+00 -7.1544365500e-01 1.5400300000e-02
979 9.7801000000e+00 -7.1559765800e-01 4.3346500000e-02
980 9.7901000000e+00 -7.1603112300e-01 -7.8538500000e-02
981 9.8001000000e+00 -7.1524573800e-01 -8.4485350000e-01
982 9.8101000000e+00 -7.0679720300e-01 6.2961750000e-01
983 9.8201000000e+00 -7.1309337800e-01 -9.4421290000e-01
984 9.8301000000e+00 -7.0365124900e-01 3.4159970000e-01
985 9.8401000000e+00 -7.0706724600e-01 -6.8445100000e-01
986 9.8501000000e+00 -7.0022273600e-01 -4.8235210000e-01
987 9.8601000000e+00 -6.9539921500e-01 -8.7462040000e-01
988 9.8701000000e+00 -6.8665301100e-01 1.0539489000e+00
989 9.8801000000e+00 -6.9719250000e-01 -6.3787730000e-01
990 9.8901000000e+00 -6.9081372700e-01 -4.3699110000e-01
991 9.9001000000e+00 -6.8644381600e-01 -4.1071770000e-01
992 9.9101000000e+00 -6.8233663900e-01 -1.8436600000e-01
993 9.9201000000e+00 -6.8049297900e-01 6.2111900000e-02
994 9.9301000000e+00 -6.8111409800e-01 -3.4472340000e-01
995 9.9401000000e+00 -6.7766686400e-01 3.0422550000e-01
996 9.9501000000e+00 -6.8070911900e-01 -7.8019750000e-01
997 9.9601000000e+00 -6.7290714400e-01 -8.2100630000e-01
998 9.9701000000e+00 -6.6469708100e-01 5.8295160000e-01
999 9.9801000000e+00 -6.7052659700e-01 -5.1874100000e-01
1000 9.9901000000e+00 -6.6533918700e-01 -2.0571350000e-01
1001 1.0000100000e+01 -6.6328205200e-01 -1.4925110000e-01
1002 1.0010100000e+01 -6.6178954100e-01 -8.4859730000e-01
1003 1.0020100000e+01 -6.5330356800e-01 2.3425830000e-01
1004 1.0030100000e+01 -6.5564615100e-01 -1.0797280000e-01
1005 1.0040100000e+01 -6.5456642300e-01 -3.3771990000e-01
1006 1.0050100000e+01 -6.5118922400e-01 -9.2655810000e-01
1007 1.0060100000e+01 -6.4192364300e-01 2.9694500000e-02
1008 1.0070100000e+01 -6.4222058800e-01 -2.3243950000e-01
1009 1.0080100000e+01 -6.3989619300e-01 -2.6185700000e-01
1010 1.0090100000e+01 -6.3727762300e-01 -1.5685260000e-01
1011 1.0100100000e+01 -6.3570909700e-01 -7.1527040000e-01
1012 1.0110100000e+01 -6.2855639300e-01 1.8733150000e-01
1013 1.0120100000e+01 -6.3042970800e-01 -6.1579390000e-01
1014 1.0130100000e+01 -6.2427176900e-01 -4.0902000000e-03
1015 1.0140100000e+01 -6.2423086700e-01 -1.5492850000e-01
1016 1.0150100000e+01 -6.2268158200e-01 -3.5946900000e-01
1017 1.0160100000e+01 -6.1908689200e-01 -4.5705170000e-01
1018 1.0170100000e+01 -6.1451637500e-01 -6.1620200000e-02
1019 1.0180100000e+01 -6.1390017300e-01 -3.2983910000e-01
1020 1.0190100000e+01 -6.1060178200e-01 -4.0503690000e-01
1021 1.0200100000e+01 -6.0655141300e-01 -1.7647270000e-01
1022 1.0210100000e+01 -6.0478668600e-01 -8.3195660000e-01
1023 1.0220100000e+01 -5.9646712000e-01 9.4683400000e-02
1024 1.0230100000e+01 -5.9741395400e-01 -4.9637020000e-01
1025 1.0240100000e+01 -5.9245025200e-01 -2.3117630000e-01
1026 1.0250100000e+01 -5.9013848900e-01 -2.2757400000e-01
1027 1.0260100000e+01 -5.8786274900e-01 -3.5307140000e-01
1028 1.0270100000e+01 -5.8433203500e-01 -1.8543520000e-01
1029 1.0280100000e+01 -5.8247768300e-01 -6.9485040000e-01
1030 1.0290100000e+01 -5.7552917900e-01 1.9637270000e-01
1031 1.0300100000e+01 -5.7749290600e-01 -6.6104270000e-01
1032 1.0310100000e+01 -5.7088247900e-01 -3.3163300000e-01
1033 1.0320100000e+01 -5.6756614900e-01 -1.6865610000e-01
1034 1.0330100000e+01 -5.6587958800e-01 -4.7995930000e-01
1035 1.0340100000e+01 -5.6107999500e-01 -2.9211710000e-01
1036 1.0350100000e+01 -5.5815882400e-01 -1.5865500000e-01
1037 1.0360100000e+01 -5.5657227400e-01 -5.2034800000e-01
1038 1.0370100000e+01 -5.5136879400e-01 -2.9476860000e-01
1039 1.0380100000e+01 -5.4842110800e-01 -5.2154520000e-01
1040 1.0390100000e+01 -5.4320565600e-01 -1.1607300000e-01
1041 1.0400100000e+01 -5.4204492600e-01 -5.9221850000e-01
1042 1.0410100000e+01 -5.3612274100e-01 -1.0081700000e-02
1043 1.0420100000e+01 -5.3602192400e-01 6.4522200000e-02
1044 1.0430100000e+01 -5.3666714600e-01 -6.7014650000e-01
1045 1.0440100000e+01 -5.2996568100e-01 -3.4994940000e-01
1046 1.0450100000e+01 -5.2646618700e-01 -6.1214600000e-01
1047 1.0460100000e+01 -5.2034472700e-01 1.3604760000e-01
1048 1.0470100000e+01 -5.2170520300e-01 -7.6802480000e-01
1049 1.0480100000e+01 -5.1402495500e-01 -7.2324660000e-01
1050 1.0490100000e+01 -5.0679248900e-01 1.7875240000e-01
1051 1.0500100000e+01 -5.0858001300e-01 -6.8699240000e-01
1052 1.0510100000e+01 -5.0171008900e-01 -2.7025210000e-01
1053 1.0520100000e+01 -4.9900756800e-01 -2.7865600000e-02
1054 1.0530100000e+01 -4.9872891200e-01 1.6255330000e-01
1055 1.0540100000e+01 -5.0035444500e-01 -7.2700280000e-01
1056 1.0550100000e+01 -4.9308441700e-01 -5.6121660000e-01
1057 1.0560100000e+01 -4.8747225100e-01 -8.5002110000e-01
1058 1.0570100000e+01 -4.7897204000e-01 -1.7639640000e-01
1059 1.0580100000e+01 -4.7720807600e-01 1.7437970000e-01
1060 1.0590100000e+01 -4.7895187300e-01 -2.8075710000e-01
1061 1.0600100000e+01 -4.7614430200e-01 -2.6966090000e-01
1062 1.0610100000e+01 -4.7344769300e-01 1.8864380000e-01
1063 1.0620100000e+01 -4.7533413100e-01 -1.0483722000e+00
1064 1.0630100000e+01 -4.6485040900e-01 -4.5072920000e-01
1065 1.0640100000e+01 -4.6034311700e-01 -3.0841640000e-01
1066 1.0650100000e+01 -4.5725895300e-01 -5.0341470000e-01
1067 1.0660100000e+01 -4.5222480600e-01 -7.1794320000e-01
1068 1.0670100000e+01 -4.4504537400e-01 2.2504100000e-01
1069 1.0680100000e+01 -4.4729578400e-01 -6.8798500000e-02
1070 1.0690100000e+01 -4.4660779900e-01 -2.3858720000e-01
1071 1.0700100000e+01 -4.4422192700e-01 -6.8347310000e-01
1072 1.0710100000e+01 -4.3738719600e-01 2.6260030000e-01
1073 1.0720100000e+01 -4.4001319900e-01 -6.3105630000e-01
1074 1.0730100000e+01 -4.3370263600e-01 -3.3979930000e-01
1075 1.0740100000e+01 -4.3030464300e-01 -3.4822200000e-01
1076 1.0750100000e+01 -4.2682242300e-01 -5.3207110000e-01
1077 1.0760100000e+01 -4.2150171200e-01 -6.8190300000e-01
1078 1.0770100000e+01 -4.1468268200e-01 -6.5074300000e-02
1079 1.0780100000e+01 -4.1403193900e-01 -4.9442110000e-01
1080 1.0790100000e+01 -4.0908772800e-01 -1.5219260000e-01
1081 1.0800100000e+01 -4.0756580200e-01 -5.7780320000e-01
1082 1.0810100000e+01 -4.0178777000e-01 -3.5143060000e-01
1083 1.0820100000e+01 -3.9827346400e-01 -5.3851760000e-01
1084 1.0830100000e+01 -3.9288828800e-01 -1.6020800000e-01
1085 1.0840100000e+01 -3.9128620800e-01 -1.0855710000e-01
1086 1.0850100000e+01 -3.9020063700e-01 -5.0865830000e-01
1087 1.0860100000e+01 -3.8511405400e-01 -1.4512020000e-01
1088 1.0870100000e+01 -3.8366285200e-01 -3.4699710000e-01
1089 1.0880100000e+01 -3.8019288100e-01 -7.4630190000e-01
1090 1.0890100000e+01 -3.7272986200e-01 1.7003280000e-01
1091 1.0900100000e+01 -3.7443019000e-01 -4.3905750000e-01
1092 1.0910100000e+01 -3.7003961500e-01 -3.9903310000e-01
1093 1.0920100000e+01 -3.6604928400e-01 -9.9394650000e-01
1094 1.0930100000e+01 -3.5610981900e-01 4.9370810000e-01
1095 1.0940100000e+01 -3.6104690000e-01 -5.3046820000e-01
1096 1.0950100000e+01 -3.5574221800e-01 -7.3862540000e-01
1097 1.0960100000e+01 -3.4835596400e-01 2.2966610000e-01
1098 1.0970100000e+01 -3.5065262500e-01 -6.2660130000e-01
1099 1.0980100000e+01 -3.4438661200e-01 2.7749800000e-02
1100 1.0990100000e+01 -3.4466411000e-01 -4.4325890000e-01
1101 1.1000100000e+01 -3.4023152100e-01 -4.4328390000e-01
1102 1.1010100000e+01 -3.3579868200e-01 -3.4706120000e-01
1103 1.1020100000e+01 -3.3232807000e-01 5.3461900000e-02
1104 1.1030100000e+01 -3.3286268900e-01 -4.8134520000e-01
1105 1.1040100000e+01 -3.2804923700e-01 -3.7106970000e-01
1106 1.1050100000e+01 -3.2433854000e-01 -2.2455370000e-01
1107 1.1060100000e+01 -3.2209300300e-01 -9.2678070000e-01
1108 1.1070100000e+01 -3.1282519600e-01 -2.0473270000e-01
1109 1.1080100000e+01 -3.1077786900e-01 -3.5869200000e-01
1110 1.1090100000e+01 -3.0719094900e-01 1.0704630000e-01
1111 1.1100100000e+01 -3.0826141200e-01 -3.1531460000e-01
1112 1.1110100000e+01 -3.0510826600e-01 -6.5576030000e-01
1113 1.1120100000e+01 -2.9855066300e-01 -3.7124380000e-01
1114 1.1130100000e+01 -2.9483822500e-01 -2.3225310000e-01
1115 1.1140100000e+01 -2.9251569400e-01 -1.6582020000e-01
1116 1.1150100000e+01 -2.9085749200e-01 -4.4203190000e-01
1117 1.1160100000e+01 -2.8643717300e-01 -3.7347970000e-01
1118 1.1170100000e+01 -2.8270237600e-01 -2.5462840000e-01
1119 1.1180100000e+01 -2.8015609200e-01 -3.8569150000e-01
1120 1.1190100000e+01 -2.7629917700e-01 5.1874990000e-01
1121 1.1200100000e+01 -2.8148667600e-01 -1.1629136000e+00
1122 1.1210100000e+01 -2.6985754000e-01 -3.9630120000e-01
1123 1.1220100000e+01 -2.6589452800e-01 -1.2458710000e-01
1124 1.1230100000e+01 -2.6464865700e-01 -4.0734070000e-01
1125 1.1240100000e+01 -2.6057525000e-01 1.9786900000e-02
1126 1.1250100000e+01 -2.6077311900e-01 -4.8902730000e-01
1127 1.1260100000e+01 -2.5588284600e-01 -1.2334230000e-01
1128 1.1270100000e+01 -2.5464942300e-01 -4.4904520000e-01
1129 1.1280100000e+01 -2.5015897100e-01 -4.9302150000e-01
1130 1.1290100000e+01 -2.4522875600e-01 -5.7103580000e-01
1131 1.1300100000e+01 -2.3951839800e-01 -1.3200800000e-02
1132 1.1310100000e+01 -2.3938639000e-01 -4.3262900000e-01
1133 1.1320100000e+01 -2.3506010000e-01 8.3990000000e-02
1134 1.1330100000e+01 -2.3590000000e-01 -5.0206620000e-01
1135 1.1340100000e+01 -2.3087933800e-01 -1.8024800000e-01
1136 1.1350100000e+01 -2.2907685800e-01 -1.1132422000e+00
1137 1.1360100000e+01 -2.1794443600e-01 6.4601770000e-01
1138 1.1370100000e+01 -2.2440461300e-01 -3.4873450000e-01
1139 1.1380100000e+01 -2.2091726800e-01 -1.9103730000e-01
1140 1.1390100000e+01 -2.1900689500e-01 -6.9831880000e-01
1141 1.1400100000e+01 -2.1202370700e-01 3.6161430000e-01
1142 1.1410100000e+01 -2.1563985000e-01 -9.3111410000e-01
1143 1.1420100000e+01 -2.0632870900e-01 6.2130700000e-02
1144 1.1430100000e+01 -2.0695001600e-01 -7.5497990000e-01
1145 1.1440100000e+01 -1.9940021700e-01 1.4342330000e-01
1146 1.1450100000e+01 -2.0083445000e-01 -2.4456520000e-01
1147 1.1460100000e+01 -1.9838879800e-01 -6.1042220000e-01
1148 1.1470100000e+01 -1.9228457600e-01 3.9344610000e-01
1149 1.1480100000e+01 -1.9621903700e-01 -1.0450090000e+00
1150 1.1490100000e+01 -1.8576894700e-01 -4.6047800000e-02
1151 1.1500100000e+01 -1.8530846900e-01 -6.0199570000e-01
1152 1.1510100000e+01 -1.7928851200e-01 -4.2871100000e-02
1153 1.1520100000e+01 -1.7885980100e-01 7.3134300000e-02
1154 1.1530100000e+01 -1.7959114400e-01 -4.2051350000e-01
1155 1.1540100000e+01 -1.7538600900e-01 -3.7552610000e-01
1156 1.1550100000e+01 -1.7163074800e-01 -1.4023020000e-01
1157 1.1560100000e+01 -1.7022844600e-01 -2.8001440000e-01
1158 1.1570100000e+01 -1.6742830200e-01 -3.0499440000e-01
1159 1.1580100000e+01 -1.6437835800e-01 -2.2950100000e-01
1160 1.1590100000e+01 -1.6208334800e-01 -3.4641300000e-02
1161 1.1600100000e+01 -1.6173693500e-01 -8.6248150000e-01
1162 1.1610100000e+01 -1.5311212000e-01 5.0283840000e-01
1163 1.1620100000e+01 -1.5814050400e-01 -4.1919830000e-01
1164 1.1630100000e+01 -1.5394852100e-01 -7.1818680000e-01
1165 1.1640100000e+01 -1.4676665300e-01 -5.0369884000e-01
1166 1.1650100000e+01 -1.4172966460e-01 8.1838390000e-02
1167 1.1660100000e+01 -1.4254804850e-01 -1.4827195000e-01
1168 1.1670100000e+01 -1.4106532900e-01 -7.9156850000e-01
1169 1.1680100000e+01 -1.3314964400e-01 5.4284640000e-01
1170 1.1690100000e+01 -1.3857810800e-01 -4.3034170000e-01
1171 1.1700100000e+01 -1.3427469100e-01 -5.3282795000e-01
1172 1.1710100000e+01 -1.2894641150e-01 4.7931410000e-02
1173 1.1720100000e+01 -1.2942572560e-01 -1.7689171000e-01
1174 1.1730100000e+01 -1.2765680850e-01 -3.9058516000e-01
1175 1.1740100000e+01 -1.2375095690e-01 -1.2517870000e-01
1176 1.1750100000e+01 -1.2249916990e-01 4.2493086000e-01
1177 1.1760100000e+01 -1.2674847850e-01 -1.0686774900e+00
1178 1.1770100000e+01 -1.1606170360e-01 4.1969700000e-02
1179 1.1780100000e+01 -1.1648140060e-01 -1.7007920000e-02
1180 1.1790100000e+01 -1.1631132140e-01 -7.9531785000e-01
1181 1.1800100000e+01 -1.0835814290e-01 4.1389550000e-02
1182 1.1810100000e+01 -1.0877203840e-01 -3.4900390000e-01
1183 1.1820100000e+01 -1.0528199940e-01 1.7451239000e-01
1184 1.1830100000e+01 -1.0702712330e-01 -8.4466527000e-01
1185 1.1840100000e+01 -9.8580470600e-02 2.7598939000e-01
1186 1.1850100000e+01 -1.0134036450e-01 -6.9755401000e-01
1187 1.1860100000e+01 -9.4364824400e-02 3.5466570000e-01
1188 1.1870100000e+01 -9.7911481400e-02 -3.7828788000e-01
1189 1.1880100000e+01 -9.4128602600e-02 5.2872820000e-02
1190 1.1890100000e+01 -9.4657330800e-02 -8.4197104000e-01
1191 1.1900100000e+01 -8.6237620400e-02 8.5288860000e-02
1192 1.1910100000e+01 -8.7090509000e-02 -9.2174150000e-02
1193 1.1920100000e+01 -8.6168767500e-02 -6.1183869000e-01
1194 1.1930100000e+01 -8.0050380600e-02 -2.7175906000e-01
1195 1.1940100000e+01 -7.7332790000e-02 -5.5060390000e-02
1196 1.1950100000e+01 -7.6782186100e-02 5.9841840000e-02
1197 1.1960100000e+01 -7.7380604500e-02 -4.1159781000e-01
1198 1.1970100000e+01 -7.3264626400e-02 -1.5549276000e-01
1199 1.1980100000e+01 -7.1709698800e-02 -9.8713230000e-02
1200 1.1990100000e+01 -7.0722566500e-02 -3.4125593000e-01
1201 1.2000100000e+01 -6.7310007200e-02 -4.9260184000e-01
1202 1.2010100000e+01 -6.2383988800e-02 1.4752633000e-01
1203 1.2020100000e+01 -6.3859252100e-02 -7.9349020000e-02
1204 1.2030100000e+01 -6.3065761900e-02 -4.7843710000e-01
1205 1.2040100000e+01 -5.8281390900e-02 1.0512239000e-01
1206 1.2050100000e+01 -5.9332614800e-02 -3.3979306000e-01
1207 1.2060100000e+01 -5.5934684200e-02 -3.7467828000e-01
1208 1.2070100000e+01 -5.2187901400e-02 -1.1799394000e-01
1209 1.2080100000e+01 -5.1007962000e-02 7.5545090000e-02
1210 1.2090100000e+01 -5.1763412900e-02 8.0503450000e-02
1211 1.2100100000e+01 -5.2568447400e-02 -6.5473228000e-01
1212 1.2110100000e+01 -4.6021124600e-02 1.6095850000e-01
1213 1.2120100000e+01 -4.7630709600e-02 -3.6782273000e-01
1214 1.2130100000e+01 -4.3952482300e-02 6.0635340000e-02
1215 1.2140100000e+01 -4.4558835700e-02 -6.2570653000e-01
1216 1.2150100000e+01 -3.8301770400e-02 1.7875166000e-01
1217 1.2160100000e+01 -4.0089287000e-02 -3.4709500000e-01
1218 1.2170100000e+01 -3.6618337000e-02 1.3768403000e-01
1219 1.2180100000e+01 -3.7995177300e-02 -7.0036607400e-01
1220 1.2190100000e+01 -3.0991516560e-02 2.6498100400e-01
1221 1.2200100000e+01 -3.3641326600e-02 -1.1856334000e-01
1222 1.2210100000e+01 -3.2455693200e-02 -4.6442675000e-01
1223 1.2220100000e+01 -2.7811425700e-02 3.5885678000e-01
1224 1.2230100000e+01 -3.1399993500e-02 -5.3018599600e-01
1225 1.2240100000e+01 -2.6098133540e-02 -2.5917663300e-01
1226 1.2250100000e+01 -2.3506367210e-02 4.7882995900e-01
1227 1.2260100000e+01 -2.8294666800e-02 -1.0261305480e+00
1228 1.2270100000e+01 -1.8033361320e-02 2.3922912950e-01
1229 1.2280100000e+01 -2.0425652615e-02 -1.3931130350e-01
1230 1.2290100000e+01 -1.9032539580e-02 -3.9744944000e-01
1231 1.2300100000e+01 -1.5058045180e-02 2.6539817100e-01
1232 1.2310100000e+01 -1.7712026890e-02 1.1266179500e-01
1233 1.2320100000e+01 -1.8838644840e-02 -3.5518715500e-01
1234 1.2330100000e+01 -1.5286773290e-02 1.9695923000e-02
1235 1.2340100000e+01 -1.5483732520e-02 -5.1667832300e-01
1236 1.2350100000e+01 -1.0316949290e-02 1.9257291000e-02
1237 1.2360100000e+01 -1.0509522200e-02 -9.2393981000e-02
1238 1.2370100000e+01 -9.5855823900e-03 -3.9468032900e-02
1239 1.2380100000e+01 -9.1909020610e-03 -2.1766646550e-01
1240 1.2390100000e+01 -7.0142374060e-03 -7.2581706600e-02
1241 1.2400100000e+01 -6.2884203400e-03 -4.9017145320e-01
1242 1.2410100000e+01 -1.3867058080e-03 1.0235010720e-01
1243 1.2420100000e+01 -2.4102068800e-03 -1.4475397600e-01
1244 1.2430100000e+01 -9.6266712000e-04 -1.5686550000e-03
1245 1.2440100000e+01 -9.4698057000e-04 -5.3873559900e-01
1246 1.2450100000e+01 4.4403754200e-03 1.0207273600e-01
1247 1.2460100000e+01 3.4196480600e-03 -1.3789915100e-01
1248 1.2470100000e+01 4.7986395700e-03 4.6930239000e-02
1249 1.2480100000e+01 4.3293371800e-03 -7.4634655100e-01
1250 1.2490100000e+01 1.1792802690e-02 1.0585382480e+00
1251 1.2500100000e+01 1.2074202100e-03 -5.0068162600e-01
1252 1.2510100000e+01 6.2142364700e-03 -2.6366832900e-01
1253 1.2520100000e+01 8.8509197600e-03 1.8297694900e-02
1254 1.2530100000e+01 8.6679428110e-03 -3.9611426890e-01
1255 1.2540100000e+01 1.2629085500e-02 -1.4305535100e-01
1256 1.2550100000e+01 1.4059639010e-02 6.9663008000e-02
1257 1.2560100000e+01 1.3363008930e-02 -2.4646945200e-01
1258 1.2570100000e+01 1.5827703450e-02 -1.4181593200e-01
1259 1.2580100000e+01 1.7245862770e-02 -3.0747277000e-02
1260 1.2590100000e+01 1.7553335540e-02 2.3531854300e-01
1261 1.2600100000e+01 1.5200150110e-02 -3.9002477900e-01
1262 1.2610100000e+01 1.9100397900e-02 -1.4209448700e-01
1263 1.2620100000e+01 2.0521342770e-02 -6.0714843000e-02
1264 1.2630100000e+01 2.1128491200e-02 -2.0103796300e-01
1265 1.2640100000e+01 2.3138870830e-02 1.8736084510e-01
1266 1.2650100000e+01 2.1265262379e-02 -5.1706176210e-01
1267 1.2660100000e+01 2.6435880000e-02 -3.5210018000e-01
1268 1.2670100000e+01 2.9956881800e-02 6.3366481860e-01
1269 1.2680100000e+01 2.3620233614e-02 -4.5564313560e-01
1270 1.2690100000e+01 2.8176664970e-02 1.9794814700e-01
1271 1.2700100000e+01 2.6197183500e-02 1.2832999700e-01
1272 1.2710100000e+01 2.4913883530e-02 -2.3668661100e-01
1273 1.2720100000e+01 2.7280749640e-02 1.3124019000e-02
1274 1.2730100000e+01 2.7149509450e-02 -1.5213286200e-01
1275 1.2740100000e+01 2.8670838070e-02 1.7150776000e-01
1276 1.2750100000e+01 2.6955760470e-02 -5.2936110300e-01
1277 1.2760100000e+01 3.2249371500e-02 2.7807164000e-01
1278 1.2770100000e+01 2.9468655100e-02 -3.8822481000e-01
1279 1.2780100000e+01 3.3350903200e-02 7.0135397000e-02
1280 1.2790100000e+01 3.2649549230e-02 -1.3789296700e-01
1281 1.2800100000e+01 3.4028478900e-02 -1.7640787000e-01
1282 1.2810100000e+01 3.5792557600e-02 1.8307078000e-01
1283 1.2820100000e+01 3.3961849800e-02 -1.4777532000e-01
1284 1.2830100000e+01 3.5439603000e-02 -1.3459753000e-01
1285 1.2840100000e+01 3.6785578300e-02 -2.7585518000e-01
1286 1.2850100000e+01 3.9544130100e-02 3.1675339600e-01
1287 1.2860100000e+01 3.6376596140e-02 -6.1035177600e-01
1288 1.2870100000e+01 4.2480113900e-02 3.8338708000e-01
1289 1.2880100000e+01 3.8646243100e-02 1.9181324000e-01
1290 1.2890100000e+01 3.6728110700e-02 -5.8521413000e-01
1291 1.2900100000e+01 4.2580252000e-02 5.8258904000e-01
1292 1.2910100000e+01 3.6754361600e-02 -9.5414010000e-02
1293 1.2920100000e+01 3.7708501700e-02 -5.2353044000e-01
1294 1.2930100000e+01 4.2943806100e-02 1.6004489000e-01
1295 1.2940100000e+01 4.1343357200e-02 -1.8676286000e-01
1296 1.2950100000e+01 4.3210985800e-02 2.4267186000e-01
1297 1.2960100000e+01 4.0784267200e-02 -6.5516406000e-01
1298 1.2970100000e+01 4.7335907800e-02 7.4357177000e-01
1299 1.2980100000e+01 3.9900190100e-02 -3.1909152000e-01
1300 1.2990100000e+01 4.3091105300e-02 2.1645590000e-02
1301 1.3000100000e+01 4.2874649400e-02 -1.1386351000e-01
1302 1.3010100000e+01 4.4013284500e-02 -1.0748818000e-01
1303 1.3020100000e+01 4.5088166300e-02 -4.3842278000e-01
1304 1.3030100000e+01 4.9472394100e-02 2.1113006000e-01
1305 1.3040100000e+01 4.7361093500e-02 1.9789869000e-01
1306 1.3050100000e+01 4.5382106600e-02 -3.4063948000e-01
1307 1.3060100000e+01 4.8788501400e-02 2.9179718000e-01
1308 1.3070100000e+01 4.5870529600e-02 -1.3778210000e-02
1309 1.3080100000e+01 4.6008311700e-02 -1.1937260000e-01
1310 1.3090100000e+01 4.7202037700e-02 1.9530656000e-01
1311 1.3100100000e+01 4.5248972100e-02 -4.7402391000e-01
1312 1.3110100000e+01 4.9989211200e-02 4.2775210000e-02
1313 1.3120100000e+01 4.9561459100e-02 7.1211383500e-01
1314 1.3130100000e+01 4.2440320750e-02 -2.2026585500e-01
1315 1.3140100000e+01 4.4642979300e-02 -1.4318018000e-01
1316 1.3150100000e+01 4.6074781100e-02 -1.2999486000e-01
1317 1.3160100000e+01 4.7374729700e-02 -9.7560750000e-02
1318 1.3170100000e+01 4.8350337200e-02 4.7186679000e-01
1319 1.3180100000e+01 4.3631669300e-02 -2.5733216000e-01
1320 1.3190100000e+01 4.6204990900e-02 -4.0662980000e-01
1321 1.3200100000e+01 5.0271288900e-02 -1.2246090000e-01
1322 1.3210100000e+01 5.1495897900e-02 5.6972169000e-01
1323 1.3220100000e+01 4.5798681000e-02 -2.0127180000e-01
1324 1.3230100000e+01 4.7811399000e-02 3.1406819000e-01
1325 1.3240100000e+01 4.4670717100e-02 -4.1849304000e-01
1326 1.3250100000e+01 4.8855647500e-02 -5.6540668000e-01
1327 1.3260100000e+01 5.4509714300e-02 2.7952534000e-01
1328 1.3270100000e+01 5.1714460900e-02 4.0246333000e-01
1329 1.3280100000e+01 4.7689827600e-02 4.0126291000e-01
1330 1.3290100000e+01 4.3677198500e-02 -1.5256250000e-02
1331 1.3300100000e+01 4.3829761000e-02 -8.7019401000e-01
1332 1.3310100000e+01 5.2531701100e-02 3.7701289000e-01
1333 1.3320100000e+01 4.8761572200e-02 -4.9305480000e-02
1334 1.3330100000e+01 4.9254627000e-02 2.6383201000e-01
1335 1.3340100000e+01 4.6616306900e-02 -4.0096732000e-01
1336 1.3350100000e+01 5.0625980100e-02 5.5150544000e-01
1337 1.3360100000e+01 4.5110925700e-02 -1.2623008000e-01
1338 1.3370100000e+01 4.6373226500e-02 -2.6988523000e-01
1339 1.3380100000e+01 4.9072078800e-02 -4.9368200000e-02
1340 1.3390100000e+01 4.9565760800e-02 6.2898528000e-01
1341 1.3400100000e+01 4.3275908000e-02 -1.7889081000e-01
1342 1.3410100000e+01 4.5064816100e-02 -3.6731147000e-01
1343 1.3420100000e+01 4.8737930800e-02 4.6762928000e-01
1344 1.3430100000e+01 4.4061638000e-02 -2.1827797000e-01
1345 1.3440100000e+01 4.6244417700e-02 -4.8035640000e-02
1346 1.3450100000e+01 4.6724774100e-02 -8.0001000000e-03
1347 1.3460100000e+01 4.6804775100e-02 -2.8880121000e-01
1348 1.3470100000e+01 4.9692787200e-02 3.8392217000e-01
1349 1.3480100000e+01 4.5853565500e-02 -3.6966610000e-02
1350 1.3490100000e+01 4.6223231600e-02 5.3552270000e-02
1351 1.3500100000e+01 4.5687708900e-02 -5.6802700000e-03
1352 1.3510100000e+01 4.5744511600e-02 -7.5710533000e-01
1353 1.3520100000e+01 5.3315564900e-02 6.5939632000e-01
1354 1.3530100000e+01 4.6721601700e-02 3.7923599000e-01
1355 1.3540100000e+01 4.2929241800e-02 -2.4851809000e-01
1356 1.3550100000e+01 4.5414422700e-02 1.9106380000e-01
1357 1.3560100000e+01 4.3503784700e-02 1.3132646000e-01
1358 1.3570100000e+01 4.2190520100e-02 2.4216640000e-02
1359 1.3580100000e+01 4.1948353700e-02 -2.5168122000e-01
1360 1.3590100000e+01 4.4465165900e-02 1.1813790000e-01
1361 1.3600100000e+01 4.3283786900e-02 3.1286396000e-01
1362 1.3610100000e+01 4.0155147300e-02 -9.5386490000e-02
1363 1.3620100000e+01 4.1109012200e-02 -3.1917862000e-01
1364 1.3630100000e+01 4.4300798400e-02 -7.5625340000e-02
1365 1.3640100000e+01 4.5057051800e-02 3.0945702000e-01
1366 1.3650100000e+01 4.1962481600e-02 2.1741703000e-01
1367 1.3660100000e+01 3.9788311300e-02 4.1519765000e-02
1368 1.3670100000e+01 3.9373113650e-02 -9.7354750000e-03
1369 1.3680100000e+01 3.9470468400e-02 7.3195986000e-01
1370 1.3690100000e+01 3.2150869800e-02 -5.4569255000e-01
1371 1.3700100000e+01 3.7607795300e-02 -1.8632080000e-02
1372 1.3710100000e+01 3.7794116100e-02 1.3076910000e-01
1373 1.3720100000e+01 3.6486425100e-02 -6.5866907000e-01
1374 1.3730100000e+01 4.3073115800e-02 5.6022436000e-01
1375 1.3740100000e+01 3.7470872200e-02 -3.2094738000e-01
1376 1.3750100000e+01 4.0680346000e-02 4.1307605000e-01
1377 1.3760100000e+01 3.6549585500e-02 3.8034770000e-02
1378 1.3770100000e+01 3.6169237800e-02 -2.0530213000e-01
1379 1.3780100000e+01 3.8222259100e-02 3.7665853000e-01
1380 1.3790100000e+01 3.4455673800e-02 -4.7077842000e-01
1381 1.3800100000e+01 3.9163458000e-02 3.3616522000e-01
1382 1.3810100000e+01 3.5801805800e-02 -4.9691000000e-03
1383 1.3820100000e+01 3.5851496800e-02 -2.1638141000e-01
1384 1.3830100000e+01 3.8015310900e-02 2.2799583000e-01
1385 1.3840100000e+01 3.5735352600e-02 2.1785963000e-01
1386 1.3850100000e+01 3.3556756300e-02 5.4774221000e-01
1387 1.3860100000e+01 2.8079334200e-02 -3.3656653000e-01
1388 1.3870100000e+01 3.1444999500e-02 -8.8663570000e-02
1389 1.3880100000e+01 3.2331635200e-02 5.7188890000e-02
1390 1.3890100000e+01 3.1759746300e-02 -4.9622167000e-01
1391 1.3900100000e+01 3.6721963000e-02 4.3272408000e-01
1392 1.3910100000e+01 3.2394722200e-02 -7.2470600000e-03
1393 1.3920100000e+01 3.2467192800e-02 -2.8091448000e-01
1394 1.3930100000e+01 3.5276337600e-02 -8.4264700000e-03
1395 1.3940100000e+01 3.5360602300e-02 5.3616282000e-01
1396 1.3950100000e+01 2.9998974100e-02 1.9171492000e-01
1397 1.3960100000e+01 2.8081824900e-02 -3.1296046000e-01
1398 1.3970100000e+01 3.1211429500e-02 2.6427740000e-01
1399 1.3980100000e+01 2.8568655500e-02 -7.0767234000e-01
1400 1.3990100000e+01 3.5645378900e-02 8.4178189700e-01
1401 1.4000100000e+01 2.7227559930e-02 -6.9172557000e-02
1402 1.4010100000e+01 2.7919285500e-02 5.4928403000e-01
1403 1.4020100000e+01 2.2426445200e-02 -3.2405467000e-01
1404 1.4030100000e+01 2.5666991900e-02 3.8615328000e-01
1405 1.4040100000e+01 2.1805459100e-02 -5.9435880000e-02
1406 1.4050100000e+01 2.2399817900e-02 -2.1023668000e-01
1407 1.4060100000e+01 2.4502184700e-02 2.3682746500e-01
1408 1.4070100000e+01 2.2133910050e-02 6.1796743000e-02
1409 1.4080100000e+01 2.1515942620e-02 -6.9816758000e-02
1410 1.4090100000e+01 2.2214110200e-02 2.1409173700e-01
1411 1.4100100000e+01 2.0073192830e-02 2.0755702300e-01
1412 1.4110100000e+01 1.7997622600e-02 -7.2463312000e-01
1413 1.4120100000e+01 2.5243953800e-02 5.3595150000e-01
1414 1.4130100000e+01 1.9884438800e-02 -5.8428690000e-01
1415 1.4140100000e+01 2.5727307800e-02 1.5733376800e-01
1416 1.4150100000e+01 2.4153970120e-02 4.2897044200e-01
1417 1.4160100000e+01 1.9864265700e-02 -4.2155260000e-02
1418 1.4170100000e+01 2.0285818300e-02 1.6759336000e-01
1419 1.4180100000e+01 1.8609884700e-02 1.7305380000e-02
1420 1.4190100000e+01 1.8436830900e-02 -5.3762935000e-02
1421 1.4200100000e+01 1.8974460250e-02 4.0509749300e-01
1422 1.4210100000e+01 1.4923485320e-02 4.1635935670e-01
1423 1.4220100000e+01 1.0759891753e-02 -1.7573470070e-01
1424 1.4230100000e+01 1.2517238760e-02 -4.0882676400e-01
1425 1.4240100000e+01 1.6605506400e-02 -1.2413323300e-01
1426 1.4250100000e+01 1.7846838730e-02 -1.3718188200e-01
1427 1.4260100000e+01 1.9218657550e-02 6.3124445900e-01
1428 1.4270100000e+01 1.2906212960e-02 -2.8906353700e-01
1429 1.4280100000e+01 1.5796848330e-02 2.1174871600e-01
1430 1.4290100000e+01 1.3679361170e-02 -2.8067041700e-01
1431 1.4300100000e+01 1.6486065340e-02 -6.1566408000e-01
1432 1.4310100000e+01 2.2642706140e-02 9.5746334600e-01
1433 1.4320100000e+01 1.3068072680e-02 -6.2342469000e-02
1434 1.4330100000e+01 1.3691497370e-02 6.3041364000e-02
1435 1.4340100000e+01 1.3061083730e-02 4.3070393270e-01
1436 1.4350100000e+01 8.7540444030e-03 -2.2562963970e-01
1437 1.4360100000e+01 1.1010340800e-02 2.4726459600e-01
1438 1.4370100000e+01 8.5376948400e-03 -6.9904391000e-02
1439 1.4380100000e+01 9.2367387500e-03 -3.2353912700e-01
1440 1.4390100000e+01 1.2472130020e-02 5.4423602000e-02
1441 1.4400100000e+01 1.1927894000e-02 1.8113911700e-01
1442 1.4410100000e+01 1.0116502830e-02 3.2017239200e-01
1443 1.4420100000e+01 6.9147789100e-03 -3.3423374500e-01
1444 1.4430100000e+01 1.0257116360e-02 2.3659170800e-01
1445 1.4440100000e+01 7.8911992800e-03 2.0328726300e-01
1446 1.4450100000e+01 5.8583266500e-03 7.4221440000e-02
1447 1.4460100000e+01 5.1161122500e-03 4.3139118000e-02
1448 1.4470100000e+01 4.6847210700e-03 -1.3525506380e-01
1449 1.4480100000e+01 6.0372717080e-03 -6.2846709200e-02
1450 1.4490100000e+01 6.6657388000e-03 2.9495514000e-02
1451 1.4500100000e+01 6.3707836600e-03 -1.8722526400e-01
1452 1.4510100000e+01 8.2430363000e-03 3.0580907000e-02
1453 1.4520100000e+01 7.9372272300e-03 -2.6612358900e-01
1454 1.4530100000e+01 1.0598463120e-02 3.1225800200e-01
1455 1.4540100000e+01 7.4758831000e-03 2.1488562600e-01
1456 1.4550100000e+01 5.3270268400e-03 -6.6517684000e-02
1457 1.4560100000e+01 5.9922036800e-03 -2.0226779000e-02
1458 1.4570100000e+01 6.1944714700e-03 1.0791977540e-01
1459 1.4580100000e+01 5.1152737160e-03 1.6639502600e-02
1460 1.4590100000e+01 4.9488786900e-03 9.1581417000e-03
1461 1.4600100000e+01 4.8572972730e-03 2.0204723220e-01
1462 1.4610100000e+01 2.8368249510e-03 1.2226509710e-01
1463 1.4620100000e+01 1.6141739800e-03 -3.7392622209e-01
1464 1.4630100000e+01 5.3534362009e-03 -6.2180934910e-02
1465 1.4640100000e+01 5.9752455500e-03 2.0059872200e-01
1466 1.4650100000e+01 3.9692583300e-03 6.6574347000e-02
1467 1.4660100000e+01 3.3035148600e-03 1.3663682900e-01
1468 1.4670100000e+01 1.9371465700e-03 -3.1585677400e-01
1469 1.4680100000e+01 5.0957143100e-03 5.2400532000e-02
1470 1.4690100000e+01 4.5717089900e-03 5.6386864700e-02
1471 1.4700100000e+01 4.0078403430e-03 2.8084172330e-01
1472 1.4710100000e+01 1.1994231100e-03 -1.3413135370e-01
1473 1.4720100000e+01 2.5407366470e-03 -9.6426518300e-02
1474 1.4730100000e+01 3.5050018300e-03 2.3532111600e-01
1475 1.4740100000e+01 1.1517906700e-03 -2.2435248700e-01
1476 1.4750100000e+01 3.3953155400e-03 -2.9412079290e-01
1477 1.4760100000e+01 6.3365234690e-03 4.7806521490e-01
1478 1.4770100000e+01 1.5558713200e-03 5.4171859200e-01
1479 1.4780100000e+01 -3.8613146000e-03 -5.1416106200e-01
1480 1.4790100000e+01 1.2802960200e-03 -7.4613510700e-02
1481 1.4800100000e+01 2.0264311270e-03 2.1366967970e-01
1482 1.4810100000e+01 -1.1026567000e-04 2.1380846850e-01
1483 1.4820100000e+01 -2.2483503550e-03 -8.7133645230e-01
1484 1.4830100000e+01 6.4650141680e-03 2.3159330480e-01
1485 1.4840100000e+01 4.1490811200e-03 2.7134419700e-01
1486 1.4850100000e+01 1.4356391500e-03 3.6268928550e-01
1487 1.4860100000e+01 -2.1912537050e-03 -1.9405556250e-01
1488 1.4870100000e+01 -2.5069808000e-04 -1.2802980700e-01
1489 1.4880100000e+01 1.0295999900e-03 7.8974578900e-02
1490 1.4890100000e+01 2.3985420100e-04 -1.3979855540e-01
1491 1.4900100000e+01 1.6378397550e-03 2.4837534000e-02
1492 1.4910100000e+01 1.3894644150e-03 1.3843922860e-01
1493 1.4920100000e+01 5.0721290000e-06 1.8205169900e-02
1494 1.4930100000e+01 -1.7697957000e-04 4.1449909140e-01
1495 1.4940100000e+01 -4.3219704840e-03 -2.6888680470e-01
1496 1.4950100000e+01 -1.6331024370e-03 -2.0530969713e-01
1497 1.4960100000e+01 4.1999453430e-04 -2.9334438827e-01
1498 1.4970100000e+01 3.3534384170e-03 5.1219984660e-01
1499 1.4980100000e+01 -1.7685600490e-03 -2.7316374790e-01
1500 1.4990100000e+01 9.6307743000e-04 2.2805597250e-01
1501 1.5000100000e+01 -1.3174822950e-03 2.5183886700e-02
1502 1.5010100000e+01 -1.5693211620e-03 -5.6657231540e-01
1503 1.5020100000e+01 4.0964019920e-03 4.2219789474e-01
1504 1.5030100000e+01 -1.2557695540e-04 1.3761850676e-01
1505 1.5040100000e+01 -1.5017620230e-03 8.2214864700e-02
1506 1.5050100000e+01 -2.3239106700e-03 1.6881833140e-01
1507 1.5060100000e+01 -4.0120939840e-03 -5.2803774717e-01
1508 1.5070100000e+01 1.2682834877e-03 1.9562522797e-01
1509 1.5080100000e+01 -6.8796879200e-04 -4.6449186000e-01
1510 1.5090100000e+01 3.9569498080e-03 1.3186683280e-01
1511 1.5100100000e+01 2.6382814800e-03 3.8081762900e-01
1512 1.5110100000e+01 -1.1698948100e-03 -9.5497456000e-03
1513 1.5120100000e+01 -1.0743973540e-03 -2.1778183500e-02
1514 1.5130100000e+01 -8.5661551900e-04 1.1532447970e-01
1515 1.5140100000e+01 -2.0098603160e-03 -8.5383621300e-02
1516 1.5150100000e+01 -1.1560241030e-03 -2.9345650900e-02
1517 1.5160100000e+01 -8.6256759400e-04 1.1764193360e-01
1518 1.5170100000e+01 -2.0389869300e-03 2.1702014055e-01
1519 1.5180100000e+01 -4.2091883355e-03 -6.2298457385e-01
1520 1.5190100000e+01 2.0206574030e-03 3.5876713300e-02
1521 1.5200100000e+01 1.6618902700e-03 4.1351147783e-01
1522 1.5210100000e+01 -2.4732245083e-03 -3.6223858300e-03
1523 1.5220100000e+01 -2.4370006500e-03 -2.7580545056e-01
1524 1.5230100000e+01 3.2105385560e-04 -1.0157133154e-01
1525 1.5240100000e+01 1.3367671710e-03 1.2601166410e-01
1526 1.5250100000e+01 7.6650530000e-05 3.6828496870e-01
1527 1.5260100000e+01 -3.6061991570e-03 8.7596591700e-02
1528 1.5270100000e+01 -4.4821650740e-03 -2.0458903400e-01
1529 1.5280100000e+01 -2.4362747340e-03 -2.5321595540e-01
1530 1.5290100000e+01 9.5884820000e-05 1.9838980820e-01
1531 1.5300100000e+01 -1.8880132620e-03 -1.8208650100e-02
1532 1.5310100000e+01 -1.7059267610e-03 -2.9387568400e-01
1533 1.5320100000e+01 1.2328300790e-03 1.5294900350e-01
1534 1.5330100000e+01 -2.9665995600e-04 -1.5740639960e-01
1535 1.5340100000e+01 1.2774040400e-03 -1.8579389500e-01
1536 1.5350100000e+01 3.1353429900e-03 4.3889067030e-01
1537 1.5360100000e+01 -1.2535637130e-03 3.1129555170e-01
1538 1.5370100000e+01 -4.3665192300e-03 -2.2076374160e-01
1539 1.5380100000e+01 -2.1588818140e-03 -6.3167679100e-02
1540 1.5390100000e+01 -1.5272050230e-03 -1.3237813000e-03
1541 1.5400100000e+01 -1.5139672100e-03 7.7083800000e-02
1542 1.5410100000e+01 -2.2848052100e-03 2.8122666350e-02
1543 1.5420100000e+01 -2.5660318735e-03 -1.2738699225e-01
1544 1.5430100000e+01 -1.2921619510e-03 1.6543812690e-01
1545 1.5440100000e+01 -2.9465432200e-03 4.8823707000e-02
1546 1.5450100000e+01 -3.4347802900e-03 -2.4866645080e-01
1547 1.5460100000e+01 -9.4811578200e-04 -6.1123361800e-02
1548 1.5470100000e+01 -3.3688216400e-04 4.1748656000e-03
1549 1.5480100000e+01 -3.7863082000e-04 3.7486181300e-02
1550 1.5490100000e+01 -7.5349263300e-04 -0.0000000000e+00
